8 -1 1014 209315 9.623418807983398
8 -1 983 209479 9.90095591545105
8 -1 798 209479 9.290151119232178
8 -1 948 209479 9.410053491592407
8 -1 936 209479 9.748957872390747
8 -1 817 209218 10.15227723121643
8 -1 1084 209218 9.885600566864014
8 -1 1006 209218 9.345516920089722
8 -1 819 209218 9.960132598876953
8 -1 862 209218 9.110059022903442
8 -1 785 209218 9.473403930664062
8 -1 807 209218 9.145195484161377
8 -1 875 209218 9.669231176376343
8 -1 1274 208800 9.246691703796387
8 -1 900 208800 9.512423515319824
8 -1 832 208800 9.353318452835083
8 -1 871 208800 9.62315559387207
8 -1 984 209577 9.187005519866943
8 -1 911 209577 9.593628644943237
8 -1 850 209577 9.542126178741455
8 -1 934 209270 9.504381656646729
8 -1 844 209270 9.256735563278198
8 -1 1141 209270 9.546683073043823
8 -1 875 209270 9.377909183502197
8 -1 912 209418 9.214736223220825
8 -1 940 209418 9.382853031158447
8 -1 849 209418 9.570618629455566
8 -1 980 209418 9.062114715576172
8 -1 839 209130 9.744562149047852
8 -1 931 209130 9.364671468734741
8 -1 849 209130 9.293272972106934
8 -1 942 209130 9.805604219436646
8 -1 819 209130 9.878053188323975
8 -1 875 209130 9.360430240631104
8 -1 863 209492 10.04200792312622
8 -1 1084 209492 9.407018899917603
8 -1 1361 209492 9.675377607345581
8 -1 835 208981 9.350295782089233
8 -1 962 209308 9.274697542190552
8 -1 1136 209308 9.456489086151123
8 -1 997 209308 9.37234616279602
8 -1 838 209308 9.11252498626709
8 -1 915 209308 9.610572099685669
8 -1 843 209330 9.362573385238647
8 -1 955 209330 9.41013479232788
8 -1 1043 209330 9.175682306289673
8 -1 1388 209330 9.393369674682617
8 -1 861 209304 9.252803087234497
8 -1 829 209304 9.211131811141968
8 -1 1002 209304 9.391923189163208
8 -1 908 209091 9.599735975265503
8 -1 906 209091 9.718815803527832
8 -1 1326 209091 9.438392400741577
8 -1 836 209339 9.542025327682495
8 -1 799 209339 9.387429237365723
8 -1 856 208906 9.360987901687622
8 -1 850 208906 9.3427894115448
8 -1 1155 208906 9.336946964263916
8 -1 816 208906 9.915021657943726
8 -1 1558 209199 9.450352907180786
8 -1 906 209199 9.356369256973267
8 -1 1025 209199 9.532564878463745
8 -1 913 209199 9.964642763137817
8 -1 897 209199 9.217930316925049
8 -1 1142 209276 9.327916860580444
8 -1 1084 209276 9.567261457443237
8 -1 847 209276 9.64381718635559
8 -1 1 3 0.00015473365783691406
8 -1 934 209276 9.513908624649048
8 -1 1014 209276 9.273807287216187
8 -1 1093 209276 9.376214742660522
8 -1 1397 209505 9.467999935150146
8 -1 1346 209505 9.530620574951172
8 -1 862 209505 9.505594968795776
8 -1 1 1 0.0001316070556640625
8 -1 1131 209219 9.279966592788696
8 -1 863 209219 9.14255952835083
8 -1 1082 209219 9.54349660873413
8 -1 872 209485 9.32675313949585
8 -1 888 209485 9.684943675994873
8 -1 890 209459 9.214998483657837
8 -1 976 209459 9.44857931137085
8 -1 886 209459 9.521264553070068
8 -1 1336 209459 9.606483459472656
8 -1 1 1 0.0001266002655029297
8 -1 816 209420 9.366112232208252
8 -1 881 209420 9.220985651016235
8 -1 1181 209420 9.398294925689697
8 -1 850 209420 9.15382170677185
8 -1 847 209551 9.467325925827026
8 -1 881 209238 9.299572706222534
8 -1 909 209238 9.469846248626709
8 -1 1047 209238 9.204744815826416
8 -1 829 209238 9.323649883270264
8 -1 917 209238 9.284935712814331
8 -1 1 1 0.00011157989501953125
8 -1 1184 209572 9.728907108306885
8 -1 863 209572 9.258103132247925
8 -1 890 209572 9.350325107574463
8 -1 847 209354 9.382901430130005
8 -1 817 209354 9.590173721313477
8 -1 879 209354 9.354790449142456
8 -1 939 209233 9.22472095489502
8 -1 1 1 0.00012493133544921875
8 -1 862 209233 9.424328327178955
8 -1 984 209233 9.69692850112915
8 -1 1624 209044 9.333997964859009
8 -1 979 209792 9.717807531356812
8 -1 846 209792 9.488088130950928
8 -1 855 209792 9.395634412765503
8 7 29 66 0.0007140636444091797
8 -1 834 209339 9.254770278930664
8 -1 811 209339 9.267091512680054
8 -1 1067 209339 9.49094533920288
8 -1 1037 209339 9.247240543365479
8 -1 958 209339 9.845398664474487
8 -1 884 209700 9.411572933197021
8 -1 992 209700 9.818469762802124
8 -1 830 209700 9.64364767074585
8 -1 846 209700 9.359185457229614
8 -1 1 1 0.00013875961303710938
8 -1 1087 209700 9.668862104415894
8 -1 937 209186 9.252872943878174
8 -1 985 209186 9.259766578674316
8 -1 837 209186 9.240571737289429
8 -1 911 209186 9.174123048782349
8 -1 910 209317 9.351575374603271
8 -1 1336 209317 9.606270551681519
8 -1 824 209317 9.28558087348938
8 -1 1097 209317 9.31747317314148
8 -1 944 209440 9.612022161483765
8 -1 1240 209440 9.479193210601807
8 -1 812 209440 9.352454662322998
8 -1 1080 209440 9.507903099060059
8 -1 822 209120 9.31014895439148
8 -1 1137 209120 9.432051658630371
8 -1 853 209275 9.28607964515686
8 -1 817 209275 9.382689237594604
8 -1 1032 209234 9.536813735961914
8 -1 829 209234 9.213593482971191
8 -1 1133 209234 9.544583082199097
8 -1 916 209234 9.394810438156128
8 -1 1079 209234 9.221825122833252
8 -1 2 9 0.0002872943878173828
8 -1 1 1 0.00010728836059570312
8 -1 1052 209309 9.416690826416016
8 -1 837 209092 9.100780963897705
8 -1 905 209092 9.316978216171265
8 -1 824 209092 9.73286771774292
8 -1 825 209092 9.777477741241455
8 -1 913 209092 9.206512689590454
8 -1 831 209092 9.37634539604187
8 -1 910 209092 9.14443826675415
8 -1 1227 209190 9.38362431526184
8 -1 822 209190 9.283745050430298
8 -1 1406 209190 9.38192105293274
8 -1 1061 209190 9.442772626876831
8 -1 940 209190 9.561922788619995
8 -1 850 209448 9.545309782028198
8 -1 888 209448 9.291746616363525
8 -1 1233 209448 9.42800259590149
8 -1 821 209448 9.665062189102173
8 -1 840 209448 9.789799213409424
8 -1 858 209119 9.61723256111145
8 -1 855 209119 9.746480941772461
8 -1 1130 209119 9.436181783676147
8 -1 775 209119 9.257779836654663
8 -1 868 209337 10.31737995147705
8 -1 1186 209337 9.583051443099976
8 -1 885 209337 9.76826286315918
8 -1 833 209337 9.04876971244812
8 -1 1 1 0.00011467933654785156
8 -1 991 209337 9.47871446609497
8 -1 827 209572 9.469856977462769
8 -1 901 209572 9.164287567138672
8 -1 1092 209251 9.708885431289673
8 -1 901 209251 9.564366102218628
8 -1 831 209251 9.293396472930908
8 -1 926 209074 9.627216577529907
8 -1 826 209074 9.292040586471558
8 -1 868 209074 9.347467422485352
8 -1 1088 209074 9.379890203475952
8 -1 925 209074 9.297962665557861
8 -1 884 209074 9.323371648788452
8 -1 914 209074 9.533080816268921
8 -1 810 208968 9.522777557373047
8 -1 811 208968 9.257501602172852
8 -1 867 208968 9.482783555984497
8 -1 946 209643 9.189655542373657
8 -1 919 209643 9.71577262878418
8 -1 967 209643 9.315754652023315
8 -1 990 209319 9.528573274612427
8 -1 1175 209319 9.174129486083984
8 -1 927 209319 9.085524320602417
8 -1 904 209319 9.192532539367676
8 -1 812 209319 9.178495645523071
8 -1 817 209499 9.411788702011108
8 -1 1264 209499 9.86760401725769
8 -1 868 209319 9.241783380508423
8 -1 834 209319 9.456493377685547
8 -1 967 209319 9.268596172332764
8 -1 821 209319 9.747833251953125
8 -1 938 209319 9.69927716255188
8 -1 888 209319 9.059154987335205
8 -1 808 209319 9.314969062805176
8 -1 956 209249 9.542682647705078
8 -1 969 209249 9.184350490570068
8 -1 1398 209249 9.590471029281616
8 -1 820 209347 9.190851926803589
8 -1 806 209347 9.155493974685669
8 -1 898 209347 9.256747961044312
8 -1 827 209347 9.932614803314209
8 -1 932 209220 9.23591423034668
8 -1 1226 209220 9.402885675430298
8 -1 856 209220 9.313873529434204
8 -1 853 209220 9.516562223434448
8 -1 867 209220 9.445650577545166
8 -1 946 209143 9.302791357040405
8 -1 843 209143 9.628496408462524
8 -1 1080 209143 9.480480432510376
8 -1 1130 209161 9.466463327407837
8 -1 873 209161 9.300559759140015
8 -1 932 209161 9.283468246459961
8 -1 854 209161 9.536165237426758
8 -1 887 209291 9.458998680114746
8 -1 819 209291 9.267911911010742
8 -1 1400 209291 9.491648197174072
8 -1 1173 209291 9.340585708618164
8 -1 866 209291 9.215733289718628
8 -1 917 209291 9.455543994903564
8 -1 823 209291 9.657155752182007
8 -1 839 209331 9.488077402114868
8 -1 863 209331 9.33586049079895
8 -1 913 209139 9.887118339538574
8 -1 849 209139 9.413376808166504
8 -1 1008 209139 9.445633888244629
8 -1 944 209434 9.333732604980469
8 -1 1384 209434 9.372701168060303
8 -1 871 209434 9.413989067077637
8 -1 1234 209434 9.939460277557373
8 -1 927 209434 9.99081563949585
8 -1 970 209225 9.566971063613892
8 -1 818 209225 9.591023206710815
8 -1 845 209225 9.618985414505005
8 -1 830 209117 9.508403301239014
8 -1 1182 209117 9.403178930282593
8 -1 822 209117 9.519082069396973
8 -1 838 209117 9.297656536102295
8 -1 836 209117 9.146700859069824
8 -1 833 209138 9.315444231033325
8 -1 1000 209138 9.512120008468628
8 -1 884 209154 9.203324556350708
8 -1 798 209273 9.286151885986328
8 -1 870 209273 9.19113302230835
8 -1 870 209273 9.13127326965332
8 -1 853 209273 9.420163631439209
8 -1 1056 209273 9.3082754611969
8 -1 919 209464 9.425960063934326
8 -1 892 209464 9.443132400512695
8 -1 867 209464 9.467686891555786
8 -1 880 209464 10.151198625564575
8 -1 1375 209464 9.242423057556152
8 -1 839 209464 9.717351913452148
8 -1 847 209464 9.554905652999878
8 -1 1007 209464 9.658684253692627
8 -1 967 209350 9.143566370010376
8 -1 946 209350 9.519989252090454
8 -1 817 209350 9.354247093200684
8 -1 810 209350 9.4775869846344
8 -1 817 209350 9.271555662155151
8 -1 1176 209444 9.413728475570679
8 -1 1111 209444 9.676217079162598
8 -1 868 209444 9.325123071670532
8 -1 885 209444 9.718160152435303
8 -1 1303 209444 9.438357830047607
8 -1 1 1 0.00011396408081054688
8 -1 853 209380 9.436598062515259
8 -1 815 209380 9.126060009002686
8 -1 886 209380 9.6501624584198
8 -1 866 209380 9.897820472717285
8 -1 837 209380 9.742759704589844
8 -1 853 209228 9.47222089767456
8 -1 1089 209228 9.715322732925415
8 -1 864 209228 9.559103012084961
8 -1 880 209228 9.219301223754883
8 -1 863 209228 9.948156118392944
8 -1 1042 209228 9.208936929702759
8 -1 846 209228 9.296727418899536
8 -1 1296 209353 9.392297267913818
8 -1 856 209353 9.860506296157837
8 -1 830 209243 9.614518880844116
8 -1 837 209243 9.714824676513672
8 -1 966 209243 9.382505655288696
8 -1 951 209243 9.398602962493896
8 -1 900 209243 9.364579439163208
8 -1 1020 209243 9.348825216293335
8 -1 873 209529 9.460041522979736
8 -1 900 209529 9.545781373977661
8 -1 910 209529 9.313329935073853
8 -1 921 209529 9.44080376625061
8 -1 829 209529 9.547686100006104
8 -1 844 209529 9.222071170806885
8 -1 810 209529 9.24014687538147
8 -1 822 209490 9.334692239761353
8 -1 887 209490 9.102604150772095
8 -1 1035 209490 9.40031361579895
8 -1 897 209490 9.812774419784546
8 -1 853 209490 9.190577030181885
8 -1 844 209373 9.22256851196289
8 -1 843 209373 9.541795015335083
8 -1 1001 209393 9.308762073516846
8 -1 822 209393 9.29820466041565
8 -1 820 209393 9.19387173652649
8 -1 992 209393 9.56468677520752
8 -1 857 209393 9.211077451705933
8 -1 847 209460 9.266494274139404
8 -1 845 209198 9.447076797485352
8 -1 829 209198 9.768468141555786
8 -1 904 209198 9.19333004951477
8 -1 801 209198 9.40956711769104
8 -1 894 209198 9.443423986434937
8 -1 957 209270 9.780932664871216
8 -1 856 209270 9.11721658706665
8 -1 780 209270 9.513673782348633
8 -1 828 209270 9.27422547340393
8 -1 883 209270 9.33238410949707
8 -1 856 209273 9.337702989578247
8 -1 824 209273 9.89523458480835
8 -1 835 209273 9.600683689117432
8 -1 964 209273 9.483216762542725
8 -1 946 209273 9.220063209533691
8 -1 1319 209273 9.579396724700928
8 -1 854 209273 9.05586576461792
8 -1 1158 209113 9.600580930709839
8 -1 981 209113 9.546154975891113
8 -1 878 209113 9.045080423355103
8 -1 1303 209318 9.23572850227356
8 -1 809 209318 9.543638229370117
8 -1 914 209318 9.545982122421265
8 -1 850 209318 9.403918266296387
8 -1 1006 209089 9.623292207717896
8 -1 859 209089 10.220560550689697
8 -1 943 209089 9.33189868927002
8 -1 883 209089 9.33279538154602
8 -1 820 209089 9.46232795715332
8 -1 797 209089 9.537606477737427
8 -1 827 209376 9.244868755340576
8 -1 969 209376 9.322370767593384
8 -1 979 209376 9.220871925354004
8 -1 918 209376 9.469562292098999
8 -1 801 209376 9.1842622756958
8 -1 814 209376 9.507606267929077
8 -1 904 209376 9.578639507293701
8 -1 884 209308 9.551623106002808
8 -1 790 209308 9.279274225234985
8 -1 1002 209308 9.738697052001953
8 -1 872 209308 9.980838060379028
8 -1 902 209325 9.43145203590393
8 -1 862 209325 9.376211881637573
8 -1 944 209325 9.48110055923462
8 -1 943 209325 9.312634944915771
8 -1 981 209391 9.172411441802979
8 -1 829 209391 9.383501768112183
8 -1 864 209391 9.37473464012146
8 -1 863 209391 9.212472438812256
8 -1 858 209391 9.305222511291504
8 -1 1219 209391 9.3517484664917
8 -1 1017 209259 9.488245725631714
8 -1 928 209561 9.720662117004395
8 -1 904 209561 9.5791654586792
8 -1 857 209240 9.19495177268982
8 -1 1206 209240 9.367558479309082
8 -1 846 209240 9.60185170173645
8 -1 881 209378 9.741997003555298
8 -1 1016 209378 9.267224788665771
8 -1 818 209378 9.45526123046875
8 -1 1328 209252 9.473435401916504
8 -1 997 209252 9.708395957946777
8 -1 836 209161 9.33073091506958
8 -1 811 209161 9.371506929397583
8 -1 845 209161 9.650949239730835
8 -1 817 209161 9.268308162689209
8 -1 895 209161 9.346327304840088
8 -1 852 209161 9.170316219329834
8 -1 824 209161 9.237741708755493
8 -1 834 209161 9.369348764419556
8 -1 1009 209161 9.621845245361328
8 -1 1165 208996 9.54244089126587
8 -1 839 208996 9.448752641677856
8 -1 849 208996 10.166504621505737
8 -1 1422 208996 9.258425951004028
8 -1 900 209080 9.522825717926025
8 -1 1241 209080 9.208087682723999
8 -1 837 209080 9.329976081848145
8 -1 825 209344 9.501575469970703
8 -1 866 209344 9.395051956176758
8 -1 807 209632 10.106582641601562
8 -1 931 209632 9.453743934631348
8 -1 959 209632 9.533859491348267
8 -1 921 209632 9.508606672286987
8 -1 958 209632 9.259644508361816
8 -1 1312 209431 9.19723653793335
8 -1 990 209431 9.45889163017273
8 -1 880 209431 9.672194719314575
8 -1 821 209431 9.306187152862549
8 -1 951 209431 9.196314573287964
16 16 81 338 0.0023736953735351562
16 13 72 246 0.0010256767272949219
24 23 129 755 0.0020685195922851562
24 22 108 648 0.0028383731842041016
24 19 95 494 0.002307415008544922
32 28 144 1127 0.0017249584197998047
32 29 164 1306 0.004828214645385742
32 31 170 1361 0.004414796829223633
32 30 167 1217 0.0035736560821533203
40 40 200 2010 0.004949092864990234
40 39 217 2285 0.006498575210571289
40 36 200 1844 0.006340980529785156
40 40 232 2317 0.004651069641113281
40 37 216 1951 0.0058252811431884766
40 35 172 1762 0.004075765609741211
40 35 190 1828 0.004263639450073242
40 36 174 1816 0.005991220474243164
48 42 232 2634 0.006020545959472656
48 46 221 2983 0.008471488952636719
48 41 241 2447 0.005309343338012695
48 46 242 3053 0.00796055793762207
48 41 226 2364 0.0075948238372802734
48 48 259 3429 0.007792234420776367
48 44 226 2847 0.0071642398834228516
56 53 306 4144 0.009236812591552734
56 52 275 3635 0.0061855316162109375
56 49 281 3517 0.009844064712524414
56 56 344 4594 0.011046886444091797
56 55 272 3945 0.005936145782470703
56 53 293 4224 0.008399486541748047
56 53 296 4105 0.011947393417358398
64 59 322 5111 0.011766672134399414
64 59 307 5110 0.011667013168334961
64 62 320 5400 0.015688419342041016
64 59 299 5046 0.010122060775756836
64 60 349 5273 0.012982368469238281
64 61 341 5573 0.01632976531982422
64 63 270 5127 0.010050296783447266
64 61 322 5582 0.0061185359954833984
64 59 301 5014 0.007221698760986328
64 59 334 4963 0.007856130599975586
64 60 342 5315 0.01076650619506836
72 70 380 7254 0.021379947662353516
72 72 426 7793 0.015401363372802734
72 67 376 6481 0.010446548461914062
72 70 369 7226 0.021959781646728516
72 69 221 3984 0.010021686553955078
72 65 338 5899 0.015295982360839844
72 71 233 4312 0.020911693572998047
72 69 408 6862 0.011777877807617188
72 66 357 6486 0.014236927032470703
72 66 358 6347 0.008661508560180664
72 69 316 6278 0.016674280166625977
72 72 246 5647 0.021978378295898438
72 67 218 3840 0.015865325927734375
72 68 376 6985 0.014508962631225586
80 79 262 5833 0.012138128280639648
80 79 429 9133 0.018117904663085938
80 77 249 5663 0.01618218421936035
80 79 437 9549 0.016821622848510742
80 75 400 8547 0.014699459075927734
80 77 237 5150 0.017112016677856445
80 74 382 7994 0.016047239303588867
80 80 435 9595 0.016088485717773438
80 79 422 9540 0.018382549285888672
88 87 270 7265 0.018831491470336914
88 87 444 11074 0.015759944915771484
88 81 409 9538 0.02275395393371582
88 87 460 10992 0.01263570785522461
88 87 458 11259 0.025254249572753906
88 82 377 9607 0.02163219451904297
88 86 434 10622 0.025028467178344727
88 81 412 9296 0.018430709838867188
88 83 466 9989 0.014427661895751953
88 88 493 11267 0.01648402214050293
88 85 467 10502 0.02129340171813965
88 87 467 11144 0.018167972564697266
88 84 453 10388 0.024712324142456055
88 83 397 9623 0.021404027938842773
96 95 424 12688 0.032967329025268555
96 93 524 12745 0.029021739959716797
96 94 435 12251 0.02873516082763672
96 93 375 11052 0.04631996154785156
96 95 529 12811 0.023783206939697266
96 93 482 12650 0.014819622039794922
96 91 502 12372 0.02178359031677246
96 92 213 7341 0.023432493209838867
96 95 499 13473 0.03092050552368164
96 95 356 11153 0.029213905334472656
96 91 382 11066 0.0328068733215332
96 94 485 13150 0.025711536407470703
96 94 530 13233 0.020366907119750977
96 93 525 12859 0.028367996215820312
96 90 419 11215 0.03287220001220703
96 90 257 6330 0.03886246681213379
96 93 479 11889 0.034499168395996094
104 104 550 16250 0.03577470779418945
104 104 441 14079 0.0232999324798584
104 103 340 10371 0.026877164840698242
104 99 516 14485 0.02663278579711914
104 99 364 12325 0.024662017822265625
104 104 330 11066 0.02857518196105957
104 102 533 15374 0.028254270553588867
104 104 497 15366 0.037381649017333984
104 101 355 11009 0.02819228172302246
104 98 554 14184 0.015424489974975586
104 98 501 14221 0.041358232498168945
104 99 531 14591 0.03413677215576172
104 102 532 15220 0.034110069274902344
104 98 179 5871 0.025255203247070312
104 104 537 16082 0.0376126766204834
112 111 362 14420 0.05707120895385742
112 109 255 10332 0.03732633590698242
112 111 580 18175 0.03557014465332031
112 108 542 17324 0.03702116012573242
112 108 535 17028 0.03162956237792969
112 105 330 10909 0.026639223098754883
112 111 599 18280 0.048087120056152344
112 109 225 8160 0.04356980323791504
112 110 479 16619 0.0768740177154541
112 107 360 12494 0.03372931480407715
112 106 524 15957 0.027779579162597656
112 109 473 15849 0.03301644325256348
112 111 585 18265 0.03479146957397461
112 105 583 16558 0.027683734893798828
112 109 554 17448 0.027820587158203125
120 120 261 11208 0.044425249099731445
120 113 271 10299 0.02657771110534668
120 117 498 19330 0.02783823013305664
120 117 565 19965 0.024796724319458008
120 115 434 15277 0.03747129440307617
120 119 500 18895 0.044022560119628906
120 115 486 17761 0.023939847946166992
120 115 616 19751 0.047187089920043945
120 118 673 20299 0.05801510810852051
120 114 307 9511 0.025462865829467773
120 118 479 18868 0.05468249320983887
120 115 581 18827 0.023439645767211914
120 120 611 20998 0.033059120178222656
120 117 584 20374 0.06046319007873535
128 124 654 22300 0.05177712440490723
128 125 402 15608 0.0381779670715332
128 128 707 24367 0.033128976821899414
128 124 679 22681 0.13709139823913574
128 121 574 20998 0.03207063674926758
128 124 386 14474 0.043209075927734375
128 126 425 13628 0.03452134132385254
128 123 659 22443 0.047670841217041016
128 121 661 21893 0.03201627731323242
128 125 584 22640 0.025040864944458008
128 128 577 22721 0.04294180870056152
128 126 422 16854 0.027871370315551758
128 125 739 23098 0.04769158363342285
128 124 662 22547 0.041069984436035156
136 133 737 26445 0.06536555290222168
136 133 341 17206 0.04557394981384277
136 134 379 14259 0.04361987113952637
136 129 484 19370 0.04865765571594238
136 136 410 15145 0.04703879356384277
136 135 449 19818 0.05769538879394531
136 133 630 25446 0.03785228729248047
136 132 749 26262 0.04921412467956543
136 136 760 27653 0.0300600528717041
136 130 690 25369 0.04792189598083496
136 129 642 24110 0.06774497032165527
136 135 417 15432 0.0366058349609375
136 129 217 7913 0.05308985710144043
136 136 636 26636 0.05670642852783203
144 138 712 28246 0.07397699356079102
144 137 734 27720 0.04754376411437988
144 139 432 17128 0.2337343692779541
144 144 480 20818 0.1333911418914795
144 143 626 27815 0.05222463607788086
144 144 527 25410 0.06484627723693848
144 144 794 30794 0.04551815986633301
144 144 756 30569 0.06239938735961914
144 139 740 27501 0.035527706146240234
144 139 688 28100 0.06184530258178711
144 137 762 28357 0.05301308631896973
144 137 497 23030 0.06109213829040527
144 139 505 23453 0.06250262260437012
144 144 773 30117 0.0721285343170166
144 137 736 27726 0.07193255424499512
144 137 535 23634 0.03656578063964844
152 149 641 30203 0.05765581130981445
152 145 766 31216 0.052861690521240234
152 146 751 31719 0.03978228569030762
152 149 560 27146 0.06048846244812012
152 147 469 25121 0.049663543701171875
152 151 531 25972 0.06566023826599121
152 147 392 16440 0.051970720291137695
152 146 464 20256 0.062003374099731445
152 145 495 21948 0.04987788200378418
152 147 477 19780 0.06624794006347656
152 152 648 31000 0.06360864639282227
152 152 825 34258 0.06354379653930664
152 148 804 33105 0.07418155670166016
152 146 583 29357 0.06152224540710449
152 150 584 30374 0.06440925598144531
152 146 679 31049 0.08394646644592285
152 149 544 25658 0.06780672073364258
152 148 423 19694 0.053856849670410156
152 150 498 23426 0.05847048759460449
152 152 695 32404 0.11879825592041016
152 152 719 33077 0.06261253356933594
152 148 773 31519 0.05098271369934082
152 150 828 33628 0.05726027488708496
160 156 784 35455 0.06879734992980957
160 157 397 18781 0.05140566825866699
160 157 857 36696 0.06042981147766113
160 158 515 27098 0.07354259490966797
160 155 835 36174 0.06428909301757812
160 156 694 33025 0.16254162788391113
160 153 798 34831 0.07259631156921387
160 160 873 38636 0.06984376907348633
160 154 805 35135 0.05427145957946777
160 157 832 36741 0.08413124084472656
160 154 743 34395 0.06357097625732422
160 160 880 38539 0.054834842681884766
160 158 730 34451 0.05713629722595215
160 154 785 33609 0.04132533073425293
160 158 737 35850 0.08347058296203613
160 154 831 34544 0.04442572593688965
160 154 487 23601 0.05061602592468262
160 158 447 18759 0.09291529655456543
168 161 568 30070 0.05970191955566406
168 161 869 37099 0.09156298637390137
168 163 802 39244 0.0698390007019043
168 164 782 39086 0.07439565658569336
168 166 685 36710 0.1026148796081543
168 168 787 40821 0.06814265251159668
168 164 630 35749 0.16028499603271484
168 162 414 25134 0.054564714431762695
168 164 485 23696 0.07654809951782227
168 167 890 41729 0.12768220901489258
168 161 389 24879 0.09228205680847168
168 164 854 40106 0.09804201126098633
168 161 824 38399 0.08218145370483398
168 164 540 27170 0.08065652847290039
168 164 520 31590 0.06710267066955566
168 161 839 38360 0.06299734115600586
168 163 847 39362 0.0796971321105957
168 168 612 31908 0.03387951850891113
168 165 831 40659 0.07829689979553223
168 166 814 40013 0.09000658988952637
168 165 398 25458 0.14112019538879395
168 166 681 36641 0.03217744827270508
168 164 492 29089 0.06918621063232422
168 167 531 29691 0.08497858047485352
168 167 446 22795 0.07260775566101074
168 162 754 36996 0.07984566688537598
176 175 371 23219 0.06572365760803223
176 171 703 39978 0.08266711235046387
176 171 539 29754 0.0722341537475586
176 170 838 42402 0.07196331024169922
176 176 910 45965 0.06754088401794434
176 171 945 43585 0.10105037689208984
176 170 769 39965 0.06270217895507812
176 174 601 35056 0.09495973587036133
176 172 593 33536 0.05669283866882324
176 172 899 44251 0.07290363311767578
176 175 830 44008 0.07775259017944336
176 171 851 42944 0.04707050323486328
176 172 517 27693 0.10646200180053711
176 174 585 32648 0.09002566337585449
184 178 953 47505 0.10756373405456543
184 177 567 28850 0.07209563255310059
184 184 849 46407 0.09260320663452148
184 180 940 48943 0.1664113998413086
184 183 906 49857 0.06718826293945312
184 182 576 37044 0.07083392143249512
184 177 648 37081 0.11320638656616211
184 179 630 36776 0.10027027130126953
184 182 954 49519 0.08649230003356934
184 179 943 46771 0.10167694091796875
184 182 910 49022 0.10388517379760742
184 183 821 47543 0.1282367706298828
184 178 965 47694 0.0599217414855957
184 178 512 25065 0.08852052688598633
184 183 926 50159 0.06056976318359375
184 180 873 47397 0.05318808555603027
184 178 959 47428 0.07089114189147949
184 180 682 41893 0.1695384979248047
192 192 496 36707 0.09309840202331543
192 191 991 54521 0.10433101654052734
192 192 881 52730 0.13070178031921387
192 191 608 35320 0.1081550121307373
192 186 462 28243 0.07825303077697754
192 190 980 54479 0.11098694801330566
192 189 374 23909 0.13158369064331055
192 185 980 51278 0.1016242504119873
192 186 591 36829 0.07011532783508301
192 192 787 47726 0.04625129699707031
192 185 678 41388 0.05510115623474121
192 189 624 35601 0.0808877944946289
192 191 608 35705 0.12277436256408691
192 192 741 44543 0.09745168685913086
192 188 828 50262 0.09401774406433105
192 188 803 46907 0.2029895782470703
200 193 761 49884 0.0804593563079834
200 195 460 27809 0.07110381126403809
200 193 499 30663 0.07487130165100098
200 194 563 31588 0.11589765548706055
200 200 618 40433 0.10506987571716309
200 198 948 56352 0.12230157852172852
200 199 635 42507 0.13851380348205566
200 193 917 54450 0.0724186897277832
200 194 1008 56175 0.1434922218322754
200 198 642 43796 0.12536096572875977
200 194 634 39622 0.11303257942199707
200 193 620 35917 0.0942375659942627
200 195 1021 56450 0.1166386604309082
200 193 656 42243 0.10763978958129883
200 200 1062 60139 0.17128753662109375
200 199 1055 59378 0.04665541648864746
200 200 564 30514 0.13350582122802734
200 193 817 50030 0.09040260314941406
200 193 991 55296 0.048363685607910156
200 199 552 31288 0.08105134963989258
200 193 828 52200 0.06599712371826172
200 196 1018 57380 0.13041234016418457
200 199 480 38405 0.17426180839538574
200 193 508 30441 0.07399535179138184
200 195 500 34113 0.1098935604095459
200 196 1052 57483 0.12112092971801758
208 201 646 41737 0.10464096069335938
208 202 452 32596 0.11435341835021973
208 202 615 34142 0.11831283569335938
208 201 1002 60239 0.11998391151428223
208 205 1064 62546 0.13152289390563965
208 201 394 26006 0.11282825469970703
208 203 679 48216 0.1181185245513916
208 204 614 39704 0.1219475269317627
208 208 1020 64113 0.05859827995300293
208 201 1099 60647 0.05214118957519531
208 203 512 40649 0.13488483428955078
208 203 640 40869 0.09532308578491211
208 203 941 59638 0.09108948707580566
208 201 1083 60735 0.19706344604492188
208 202 849 54875 0.08368945121765137
208 203 388 28084 0.1081845760345459
208 206 734 51076 0.1461658477783203
208 203 799 52185 0.12894988059997559
208 206 553 31605 0.14102792739868164
208 206 421 30349 0.09955286979675293
208 202 626 37882 0.17500543594360352
208 207 620 45499 0.11209392547607422
208 208 820 58155 0.12151169776916504
208 201 886 57289 0.07797527313232422
216 211 672 53176 0.1448047161102295
216 215 879 58264 0.055083274841308594
216 216 900 61788 0.12247037887573242
216 212 1120 67995 0.10835433006286621
216 210 1113 66111 0.12242412567138672
216 209 868 59057 0.17271685600280762
216 209 565 34271 0.11681962013244629
216 215 623 39917 0.20829486846923828
216 214 982 67017 0.11781978607177734
216 211 738 53134 0.10605049133300781
216 211 656 50927 0.08616042137145996
216 215 933 65079 0.1224668025970459
216 211 529 37900 0.11575937271118164
216 210 792 53826 0.13182592391967773
216 215 918 65135 0.15670323371887207
216 215 1072 68877 0.11340928077697754
216 216 1149 70367 0.14964771270751953
216 215 837 59829 0.0918874740600586
216 212 948 64422 0.10703349113464355
216 211 910 61507 0.12901902198791504
216 211 1002 66165 0.19083452224731445
216 214 999 65735 0.11252665519714355
216 213 818 54964 0.11417961120605469
216 210 743 54496 0.12961864471435547
216 214 754 56630 0.05544900894165039
224 217 1014 69624 0.1281757354736328
224 218 743 50724 0.15768170356750488
224 222 664 41049 0.10880351066589355
224 221 539 36947 0.32589077949523926
224 219 1239 71984 0.1965625286102295
224 217 1028 69634 0.04506731033325195
224 224 647 39023 0.18234896659851074
224 219 704 51400 0.1286940574645996
224 218 567 36268 0.0767974853515625
224 224 1056 74234 0.061818599700927734
224 224 852 61746 0.1461477279663086
224 217 534 42873 0.06384444236755371
224 224 951 67571 0.05518913269042969
224 223 568 49236 0.2206254005432129
224 219 461 33204 0.11439347267150879
224 217 510 34103 0.19745731353759766
224 224 1171 75573 0.26112890243530273
224 219 1009 67520 0.15125632286071777
224 223 1137 74562 0.137939453125
224 224 832 62708 0.1270897388458252
224 217 1171 70937 0.1417827606201172
224 221 838 56456 0.11947894096374512
224 219 934 66889 0.06882143020629883
224 217 417 29024 0.10284948348999023
224 221 908 66758 0.12433147430419922
232 230 712 58427 0.12354016304016113
232 225 826 64383 0.0634012222290039
232 228 663 39579 0.15469956398010254
232 232 463 35396 0.15436768531799316
232 225 701 52681 0.15011334419250488
232 226 909 68704 0.20616722106933594
232 226 910 65508 0.2815871238708496
232 226 956 71628 0.10875964164733887
232 225 904 67871 0.0717928409576416
232 231 411 31325 0.1429750919342041
232 232 496 42905 0.17290568351745605
232 226 1084 75418 0.16766643524169922
232 228 882 67100 0.15817856788635254
232 230 740 59351 0.23891210556030273
232 227 786 61527 0.2705075740814209
232 225 935 70886 0.1432812213897705
232 227 876 66301 0.13288593292236328
232 230 697 41760 0.29538965225219727
232 230 1191 79689 0.16089820861816406
232 228 558 48032 0.09965229034423828
232 232 584 40864 0.23990464210510254
232 230 802 59339 0.13670921325683594
232 227 782 61338 0.1293773651123047
232 227 1039 73721 0.13662123680114746
232 232 896 68807 0.06846189498901367
232 228 841 63888 0.13645195960998535
232 228 1181 77631 0.15647029876708984
232 225 1273 76960 0.14717912673950195
232 231 1284 80593 0.16772079467773438
232 229 1195 79175 0.11987686157226562
232 227 1095 76623 0.15539002418518066
232 227 752 61497 0.13817620277404785
232 232 1022 77415 0.06796717643737793
232 229 1007 72484 0.11511611938476562
232 227 361 22991 0.11524152755737305
232 227 519 43403 0.14067387580871582
232 231 867 62629 0.125474214553833
240 239 963 76737 0.16868138313293457
240 234 978 70701 0.33541226387023926
240 236 838 64832 0.06051063537597656
240 233 789 67174 0.13001084327697754
240 234 823 68984 0.1113882064819336
240 234 490 37359 0.057671546936035156
240 235 620 54435 0.11355280876159668
240 235 984 77735 0.13295793533325195
240 240 379 25634 0.12932062149047852
240 233 634 52016 0.12941265106201172
240 235 1042 79655 0.14424443244934082
240 234 1068 78382 0.28644537925720215
240 233 876 65143 0.16298532485961914
240 237 520 42882 0.06912589073181152
240 234 517 42229 0.21347641944885254
240 236 526 41067 0.09798669815063477
240 236 1050 80195 0.057590484619140625
240 238 808 59473 0.12182879447937012
240 235 951 75619 0.15723347663879395
240 238 806 57602 0.1560666561126709
248 247 1288 90942 0.18405818939208984
248 246 1287 90572 0.1439962387084961
248 243 1020 78304 0.22234630584716797
248 243 1351 89326 0.18313002586364746
248 243 568 55869 0.14136433601379395
248 243 533 43619 0.17596721649169922
248 241 711 49885 0.15869426727294922
248 247 1088 87322 0.140519380569458
248 242 921 76576 0.20501279830932617
248 242 568 48552 0.11732339859008789
248 247 500 44492 0.18290328979492188
248 247 700 48128 0.16341757774353027
248 242 662 45391 0.10790157318115234
248 248 1024 79706 0.2446753978729248
248 242 714 50651 0.15582704544067383
248 245 627 59837 0.11113166809082031
248 244 935 76188 0.2514348030090332
248 246 1049 84684 0.2403719425201416
248 241 748 66174 0.14241743087768555
248 247 844 64768 0.23895001411437988
248 241 786 59038 0.1612999439239502
256 255 1186 94890 0.1316666603088379
256 250 577 49610 0.15308666229248047
256 251 1335 94098 0.15282964706420898
256 256 637 50129 0.19937562942504883
256 249 1185 91801 0.23756861686706543
256 256 1190 95340 0.10285067558288574
256 253 786 58780 0.14938139915466309
256 253 747 55888 0.1665349006652832
256 249 723 65414 0.1320939064025879
256 249 704 49348 0.15842747688293457
256 252 1350 95654 0.11264634132385254
256 251 1272 92630 0.19665169715881348
256 255 700 49341 0.3824613094329834
256 256 1072 89657 0.11782050132751465
256 255 760 61465 0.07345294952392578
256 250 562 55824 0.12250041961669922
256 249 710 60876 0.15892362594604492
256 253 1333 96964 0.20138001441955566
256 250 972 82122 0.13302350044250488
256 251 743 54286 0.18631458282470703
264 261 985 83549 0.24113702774047852
264 260 619 58113 0.16214871406555176
264 261 777 70934 0.19182229042053223
264 264 851 80025 0.19162297248840332
264 258 1135 93806 0.16881346702575684
264 262 790 75817 0.1792278289794922
264 259 946 82983 0.14847183227539062
264 261 1012 89711 0.2028946876525879
264 259 770 63488 0.32371950149536133
264 263 1009 89708 0.12142133712768555
264 261 643 58074 0.16032910346984863
264 259 962 86344 0.14377713203430176
264 259 827 67858 0.24991679191589355
264 258 581 55805 0.16303133964538574
264 257 992 83848 0.14046859741210938
264 263 651 64388 0.12342715263366699
264 257 742 72442 0.0680840015411377
264 261 801 71538 0.20009994506835938
264 262 466 38588 0.1406540870666504
264 261 558 44367 0.24380064010620117
264 263 1061 92335 0.2911961078643799
264 257 821 70521 0.2599456310272217
264 260 1109 94290 0.18043255805969238
264 262 937 87121 0.38324928283691406
264 261 842 71096 0.2045295238494873
272 272 1158 103768 0.22021031379699707
272 267 829 78948 0.1367020606994629
272 270 571 56129 0.2140800952911377
272 272 1036 92060 0.1594982147216797
272 272 765 78618 0.2871382236480713
272 271 708 58560 0.20761561393737793
272 268 742 57175 0.17431855201721191
272 266 542 51004 0.12046122550964355
272 267 717 67428 0.36971592903137207
272 270 550 53262 0.2284102439880371
272 269 734 57177 0.2526733875274658
272 267 687 70325 0.20631885528564453
272 265 1088 96875 0.33670878410339355
272 266 728 62216 0.12587904930114746
272 270 1210 104318 0.13652396202087402
272 271 1052 99871 0.17511630058288574
272 267 1010 95289 0.1372356414794922
272 269 785 59178 0.18665599822998047
272 266 473 36528 0.17794203758239746
272 267 1438 107350 0.2086637020111084
272 272 1327 109453 0.12308335304260254
272 268 477 43055 0.1590118408203125
272 267 786 64244 0.2316911220550537
272 265 709 71813 0.20199298858642578
272 270 1033 99824 0.20653796195983887
272 268 1211 102540 0.1864793300628662
272 266 778 59859 0.1866919994354248
272 267 870 85222 0.43947386741638184
272 267 705 68201 0.32976245880126953
272 271 1177 103531 0.14379024505615234
272 270 729 64997 0.266190767288208
272 271 1034 96248 0.16008567810058594
272 271 1050 87885 0.28026628494262695
272 268 503 42646 0.15868830680847168
272 272 886 90495 0.22095823287963867
280 275 679 71578 0.2029125690460205
280 279 439 35204 0.20462727546691895
280 280 741 76411 0.2438797950744629
280 273 810 80402 0.06264162063598633
280 277 636 54177 0.23897027969360352
280 277 440 39781 0.2145223617553711
280 273 636 67647 0.2246699333190918
280 278 990 99043 0.2687232494354248
280 276 1116 103275 0.24222755432128906
280 278 814 79150 0.19564557075500488
280 274 801 73247 0.27699804306030273
280 274 787 72290 0.17052388191223145
280 274 1211 104964 0.21989107131958008
280 280 598 59502 0.19501352310180664
280 273 767 58304 0.22716617584228516
280 274 1165 104748 0.19064545631408691
280 280 939 95214 0.16012096405029297
280 275 762 60017 0.2272052764892578
280 273 491 42466 0.20388150215148926
280 276 882 90420 0.23450016975402832
280 279 820 58914 0.3361165523529053
280 275 672 71533 0.13935089111328125
280 279 1285 112068 0.20684385299682617
280 279 1107 102486 0.13663697242736816
280 280 780 80891 0.225264310836792
280 280 940 95390 0.19568347930908203
280 279 599 64231 0.2648599147796631
280 276 954 96709 0.1476137638092041
280 275 1190 107207 0.30564260482788086
288 284 1012 87322 0.11706829071044922
288 287 1173 114884 0.24665117263793945
288 283 996 101929 0.30272483825683594
288 285 1281 114134 0.2378857135772705
288 288 805 79324 0.17595458030700684
288 288 490 46022 0.2978663444519043
288 286 605 61781 0.21656250953674316
288 285 970 94292 0.2820167541503906
288 282 925 81816 0.17456865310668945
288 288 614 57646 0.17316699028015137
288 288 932 93452 0.2033069133758545
288 287 498 50575 0.20669317245483398
288 285 1032 101620 0.34126758575439453
288 285 636 62464 0.19562292098999023
288 285 523 52483 0.3572537899017334
288 281 916 80594 0.19911479949951172
288 286 656 69509 0.2943415641784668
288 284 728 78973 0.19744324684143066
288 287 711 75315 0.295795202255249
288 283 1237 114279 0.2854444980621338
288 284 844 76945 0.3203697204589844
288 283 1075 102839 0.4691121578216553
288 285 559 54240 0.19928932189941406
288 287 919 97478 0.060986995697021484
288 287 833 90732 0.1322004795074463
288 285 649 65334 0.27044105529785156
288 286 1027 106288 0.28964757919311523
296 292 617 58075 0.23569369316101074
296 293 911 101638 0.24991130828857422
296 296 866 83907 0.10021662712097168
296 292 588 59732 0.21880316734313965
296 294 634 66782 0.2905576229095459
296 296 549 57450 0.3006575107574463
296 292 823 70151 0.2425081729888916
296 290 1294 118831 0.23046588897705078
296 292 595 64445 0.24900484085083008
296 295 1014 110079 0.14354515075683594
296 292 1230 116918 0.23380827903747559
296 290 546 54391 0.18138909339904785
296 292 696 70914 0.12379693984985352
296 291 572 58159 0.18740177154541016
296 294 606 65257 0.21752047538757324
296 295 887 99217 0.26801562309265137
296 295 793 75493 0.26807689666748047
296 293 966 102926 0.34642529487609863
296 293 674 69221 0.2822082042694092
296 292 532 53312 0.24045038223266602
296 289 899 93453 0.3889889717102051
296 290 990 103502 0.2793452739715576
296 295 1428 128837 0.2853996753692627
296 295 707 77971 0.22476601600646973
296 293 1369 125627 0.21726465225219727
304 299 768 90023 0.3143291473388672
304 298 1426 131254 0.2555563449859619
304 297 1211 122463 0.14037275314331055
304 298 1094 115393 0.26783251762390137
304 301 1437 132257 0.1901414394378662
304 304 999 111534 0.23344039916992188
304 298 782 88110 0.3172304630279541
304 301 1108 112815 0.2664499282836914
304 302 910 103892 0.13530421257019043
304 299 896 97131 0.21175861358642578
304 297 859 74142 0.2672898769378662
304 300 624 65566 0.2407534122467041
304 297 1291 125063 0.3249673843383789
304 303 726 66188 0.2137923240661621
304 298 696 74320 0.13599634170532227
304 297 1072 111090 0.13095951080322266
304 299 564 58500 0.331784725189209
304 298 882 84822 0.25551700592041016
312 311 772 81649 0.33478331565856934
312 310 1454 140117 0.06840276718139648
312 307 728 77182 0.24162817001342773
312 305 995 107798 0.22080230712890625
312 308 1330 133011 0.30553245544433594
312 309 857 93362 0.13323450088500977
312 309 620 67278 0.21656465530395508
312 309 739 85133 0.1851499080657959
312 307 742 67930 0.2903404235839844
312 308 529 51243 0.3003675937652588
312 309 798 92825 0.22267389297485352
312 311 1217 129257 0.3823404312133789
312 310 475 43607 0.23854923248291016
312 309 1541 142040 0.15843725204467773
312 312 461 43815 0.10351705551147461
312 310 705 79841 0.2727231979370117
312 306 778 77347 0.23804807662963867
312 305 846 97646 0.22000622749328613
312 307 1077 115181 0.19044113159179688
312 309 1315 132707 0.2720651626586914
312 310 1126 125021 0.35420942306518555
312 307 1045 115615 0.1352856159210205
312 307 793 74249 0.3086864948272705
312 306 1317 128852 0.14379262924194336
312 308 1250 129824 0.2110893726348877
312 310 1274 131346 0.17427349090576172
312 310 671 72647 0.32460999488830566
312 309 784 95255 0.34747934341430664
312 308 759 84475 0.31916069984436035
312 308 758 88557 0.26372361183166504
320 317 971 102626 0.3180568218231201
320 317 1038 119996 0.25658512115478516
320 319 702 87557 0.30441713333129883
320 313 925 111919 0.49152231216430664
320 314 905 93868 0.4813687801361084
320 315 1044 122838 0.2913198471069336
320 313 759 83386 0.3166930675506592
320 320 839 85489 0.2752394676208496
320 318 745 82630 0.09304356575012207
320 319 920 112867 0.3235454559326172
320 320 1101 131042 0.13702130317687988
320 316 633 67340 0.17023181915283203
320 316 812 87383 0.27620363235473633
320 314 762 93776 0.31450676918029785
320 317 1187 126987 0.11525225639343262
320 318 770 97694 0.38713860511779785
320 319 704 78922 0.25585341453552246
320 319 823 79961 0.23490238189697266
320 320 1277 137834 0.2720518112182617
320 315 755 93397 0.3786158561706543
320 318 840 83181 0.28426456451416016
320 314 673 72207 0.3063478469848633
328 328 807 79924 0.31432485580444336
328 323 961 121513 0.3401608467102051
328 322 941 110887 0.5807919502258301
328 324 683 79067 0.274242639541626
328 322 796 98113 0.4163830280303955
328 328 1161 132460 0.14117193222045898
328 325 758 89133 0.39429306983947754
328 327 989 119557 0.2712278366088867
328 326 1281 145429 0.2670705318450928
328 327 778 96141 0.3548910617828369
328 321 755 76821 0.3393375873565674
328 324 839 107318 0.13482379913330078
328 327 541 57185 0.28259801864624023
328 325 727 81417 0.14293503761291504
328 324 928 116460 0.34601593017578125
328 322 815 96405 0.36428141593933105
328 321 755 88044 0.24531984329223633
328 328 668 70799 0.28343939781188965
328 325 1331 142919 0.16497063636779785
328 326 798 89817 0.23410606384277344
328 322 1065 120029 0.47252345085144043
328 328 579 60018 0.12193918228149414
328 322 1032 115504 0.3768281936645508
328 328 790 99758 0.3274540901184082
328 326 751 94720 0.32195448875427246
328 325 796 99319 0.3334987163543701
328 322 934 111844 0.375319242477417
328 323 1086 127823 0.28660130500793457
336 331 1212 142925 0.18912768363952637
336 329 996 123695 0.366182804107666
336 331 535 54700 0.2594757080078125
336 331 1291 142115 0.22437810897827148
336 331 818 103518 0.30608320236206055
336 336 827 107285 0.22302603721618652
336 333 841 105149 0.322859525680542
336 330 978 119376 0.397397518157959
336 334 1163 138861 0.23858165740966797
336 335 732 95687 0.22298383712768555
336 332 1052 127568 0.20809364318847656
336 332 828 95260 0.27463579177856445
336 334 1183 143215 0.2684757709503174
336 334 1009 129560 0.13086652755737305
336 330 865 107126 0.3014490604400635
336 334 984 127557 0.3649170398712158
336 330 1242 141809 0.17070651054382324
336 335 1207 144074 0.3176438808441162
336 332 1543 156995 0.5309746265411377
336 333 671 74344 0.35362911224365234
336 334 804 103818 0.31290483474731445
336 333 801 99417 0.3604559898376465
336 330 758 91594 0.15485167503356934
336 332 1140 130039 0.3248002529144287
344 343 1025 133649 0.26609373092651367
344 339 932 124014 0.2683072090148926
344 342 937 122976 0.6196019649505615
344 343 628 70920 0.2694880962371826
344 342 815 104032 0.27575111389160156
344 339 609 74640 0.1243896484375
344 340 923 121127 0.15371918678283691
344 338 1027 131960 0.8587963581085205
344 343 626 64425 0.4281303882598877
344 344 1058 131234 0.39664268493652344
344 341 1263 151356 0.36166906356811523
344 337 801 84734 0.06239795684814453
344 339 1127 141296 0.663902997970581
344 338 895 95412 0.2855246067047119
344 337 844 108426 0.45017290115356445
344 341 831 113546 0.30887746810913086
344 341 743 94970 0.27814507484436035
344 338 977 128320 0.3805544376373291
344 337 649 73465 0.3936927318572998
344 339 589 68972 0.3151242733001709
344 342 830 104984 0.2854750156402588
344 343 963 123797 0.3286592960357666
344 337 834 96947 0.14546585083007812
344 337 785 82848 0.14348888397216797
344 337 868 105429 0.42270684242248535
344 344 798 88086 0.13879799842834473
344 343 796 92799 0.321943998336792
344 344 1035 135749 0.30612921714782715
344 338 1360 153238 0.14278173446655273
352 349 828 101250 0.2835268974304199
352 345 948 116647 0.4069335460662842
352 346 1116 142446 0.24280309677124023
352 345 758 83325 0.4131815433502197
352 349 1052 142419 0.2912273406982422
352 345 911 114642 0.12833595275878906
352 348 1021 130408 0.15955352783203125
352 350 997 119938 0.313995361328125
352 352 858 106303 0.2952713966369629
352 349 731 86773 0.3414955139160156
352 349 719 87459 0.3665494918823242
352 349 847 101565 0.1450803279876709
352 350 858 105359 0.3436884880065918
352 351 586 65929 0.3090498447418213
352 348 1084 141593 0.23109006881713867
352 352 613 71324 0.12355756759643555
352 349 1387 162743 0.3854053020477295
352 352 807 102201 0.4099159240722656
352 348 1368 160373 0.13827204704284668
352 351 1414 165721 0.46172308921813965
352 347 791 93229 0.30161070823669434
352 351 790 100712 0.30109691619873047
352 349 739 77503 0.27544283866882324
352 350 798 88988 0.3041725158691406
352 350 856 115308 0.21383094787597656
352 350 918 121884 0.24701809883117676
352 350 733 89281 0.3278801441192627
352 351 842 111606 0.3407456874847412
352 347 763 92998 0.35231542587280273
352 348 828 99370 0.37588977813720703
352 347 767 91699 0.3242514133453369
352 348 958 126522 0.3233377933502197
360 354 802 98614 0.26229238510131836
360 356 717 87579 0.39893221855163574
360 358 622 75589 0.34186625480651855
360 355 950 126784 0.32917141914367676
360 357 816 107497 0.3010256290435791
360 356 742 87120 0.3080098628997803
360 354 730 83548 0.30460667610168457
360 360 820 116984 0.2517831325531006
360 354 795 93849 0.3178715705871582
360 353 646 72492 0.41051578521728516
360 360 1206 150127 0.3083488941192627
360 357 742 97876 0.38576436042785645
360 357 853 117916 0.40517187118530273
360 359 939 116698 0.26924920082092285
360 356 878 123907 0.20108699798583984
360 359 1019 129359 0.7016012668609619
360 360 1127 150276 0.24538064002990723
360 360 866 121247 0.23877477645874023
360 353 795 89140 0.23348760604858398
360 355 976 119772 0.5012805461883545
360 360 857 119297 0.2922966480255127
360 353 1415 166367 0.23411893844604492
360 355 526 53436 0.27685999870300293
360 356 839 113911 0.4518117904663086
360 356 844 103019 0.32143163681030273
360 353 751 90528 0.28849339485168457
368 364 724 87436 0.3606836795806885
368 364 1100 141274 0.39000964164733887
368 368 620 68605 0.27825403213500977
368 361 1286 158891 0.33092713356018066
368 367 852 116664 0.43970394134521484
368 367 660 81237 0.46811389923095703
368 367 909 129417 0.46494555473327637
368 368 599 68336 0.3539237976074219
368 365 1039 144730 0.22063779830932617
368 367 827 112922 0.4401888847351074
368 368 1347 170905 0.6683166027069092
368 367 1074 151999 0.40210986137390137
368 366 883 125686 0.3954765796661377
368 362 734 88176 0.2660810947418213
368 367 594 71596 0.465592622756958
368 366 876 122895 0.08085155487060547
368 361 734 98293 0.35904788970947266
368 367 893 125548 0.5419332981109619
368 362 614 70704 0.8379290103912354
368 366 760 98920 0.34439969062805176
368 368 1139 158286 0.1419968605041504
368 361 809 96313 0.3290867805480957
368 362 1002 144400 0.702826976776123
368 364 758 94352 0.3911716938018799
376 371 1272 167037 0.153486967086792
376 370 1356 173816 0.24349284172058105
376 369 984 132193 0.24143433570861816
376 369 771 90116 0.11828160285949707
376 376 1072 155442 0.3804919719696045
376 370 935 137784 0.4217512607574463
376 376 551 65317 0.34993624687194824
376 376 833 99064 0.3042898178100586
376 371 799 96056 0.3787825107574463
376 371 1071 152362 0.8658590316772461
376 370 778 106020 0.34916138648986816
376 375 782 101759 0.45464468002319336
376 376 792 113048 0.1347508430480957
376 373 924 120284 0.3411576747894287
376 369 970 141515 0.4347188472747803
376 376 908 130783 0.3738670349121094
376 373 864 120777 0.3905293941497803
376 375 1054 151638 0.39350461959838867
376 374 874 128576 0.3477456569671631
376 374 923 128582 0.3450963497161865
376 369 829 111654 0.3779301643371582
376 375 1054 151890 0.5542211532592773
376 371 687 84299 0.3099391460418701
376 374 829 114797 0.24800944328308105
376 375 966 137776 0.37955665588378906
376 375 961 140728 0.753474235534668
376 373 1294 171794 0.28792238235473633
376 371 912 122319 0.4960803985595703
376 373 856 122265 0.4008362293243408
376 372 1004 147182 0.35758423805236816
384 382 781 95474 0.32633090019226074
384 384 805 104678 0.26859521865844727
384 380 813 115296 0.41822004318237305
384 381 730 98675 0.2521078586578369
384 378 742 98848 0.4848668575286865
384 381 1239 172121 0.3772091865539551
384 378 636 77731 0.3912196159362793
384 383 1202 160180 0.3429677486419678
384 379 1180 159444 0.42430567741394043
384 384 949 132939 0.4668617248535156
384 384 920 122377 0.1555025577545166
384 382 960 137329 0.3585045337677002
384 380 735 92025 0.5489251613616943
384 381 946 144812 0.33396244049072266
384 382 811 109027 0.4519801139831543
384 384 851 116418 0.3578505516052246
384 383 802 97433 0.4404621124267578
384 384 876 121647 0.5064246654510498
384 377 608 71915 0.39339113235473633
384 379 737 88042 0.3231384754180908
384 383 772 103826 0.30263185501098633
384 383 890 122004 0.3521299362182617
384 382 767 106863 0.2371673583984375
384 381 1539 180350 0.7441730499267578
384 377 908 136343 0.286557674407959
384 382 865 114169 0.3078486919403076
384 379 1273 172069 0.31026291847229004
384 383 659 79011 0.41344141960144043
392 389 909 134577 0.24585270881652832
392 391 815 105560 0.15770816802978516
392 386 872 136548 0.38126707077026367
392 387 566 64851 0.48343658447265625
392 390 820 107362 0.37896203994750977
392 386 1022 156089 0.15250563621520996
392 391 959 144354 0.3838920593261719
392 386 796 103340 0.410811185836792
392 388 652 81900 0.3535606861114502
392 385 809 106369 0.13866090774536133
392 391 820 106692 0.8749628067016602
392 390 1208 165694 0.45447659492492676
392 390 719 99687 0.431185245513916
392 386 876 116245 0.4665086269378662
392 385 811 109739 0.2585749626159668
392 391 929 144187 0.33450937271118164
392 389 1262 171402 0.3273138999938965
392 388 712 92710 0.4868340492248535
392 388 856 131241 0.37479448318481445
392 386 901 134249 0.11511635780334473
392 387 1058 157869 0.20110368728637695
392 387 887 131568 0.3928208351135254
392 392 840 127360 0.4326479434967041
392 387 1040 154890 0.6695940494537354
392 392 1067 160338 0.2487170696258545
392 385 769 107941 0.496502161026001
392 391 778 105764 0.569495677947998
400 398 1438 186157 0.3397510051727295
400 393 924 128700 0.20122265815734863
400 395 831 122989 0.5470798015594482
400 394 956 139931 0.38089776039123535
400 396 653 82466 0.3653402328491211
400 395 825 108188 0.6772861480712891
400 396 916 122082 0.4165534973144531
400 398 790 113510 0.5189006328582764
400 400 1434 186959 0.11501502990722656
400 396 782 101635 0.527336835861206
400 400 859 131975 0.43325161933898926
400 398 842 123987 0.43990254402160645
400 398 1280 180186 0.5319104194641113
400 399 830 120012 0.24528050422668457
400 398 817 119906 0.26430654525756836
400 394 806 118282 0.30319952964782715
400 398 905 138727 0.2925119400024414
400 395 809 112504 0.4196603298187256
400 400 961 154534 0.6167664527893066
400 394 899 137415 0.463547945022583
400 394 1009 160488 0.580033540725708
400 400 592 71947 0.4230194091796875
408 405 750 101035 0.34780263900756836
408 408 813 116943 0.47330260276794434
408 404 705 80647 0.48264455795288086
408 404 1156 161576 0.5440037250518799
408 407 820 117817 0.34503912925720215
408 401 884 133383 0.4682502746582031
408 404 876 131305 0.4632072448730469
408 408 843 128795 0.6132783889770508
408 406 890 146579 0.49413561820983887
408 402 990 152015 1.1347935199737549
408 406 769 105693 0.6354649066925049
408 404 1129 167424 0.3784506320953369
408 403 856 125954 0.40289998054504395
408 402 906 137406 0.4737074375152588
408 406 848 124649 0.4476449489593506
408 404 949 155956 0.24889492988586426
408 407 665 83826 0.32384157180786133
408 406 854 110772 0.5288777351379395
408 407 793 111947 0.4967641830444336
408 408 1134 164089 0.5046520233154297
408 407 780 107341 0.6102049350738525
408 405 1377 187294 0.4987506866455078
408 402 1140 174395 0.5026192665100098
408 401 867 126075 0.4941375255584717
408 407 1090 174437 0.28983092308044434
408 401 794 118927 0.39563441276550293
408 404 685 89911 0.4355185031890869
408 405 818 104928 0.39695286750793457
408 408 762 110380 0.6129946708679199
408 406 1011 169176 0.3628723621368408
408 408 889 123642 0.48865175247192383
408 406 1058 171081 0.5161137580871582
408 406 1069 171494 0.3657722473144531
408 406 793 109974 0.42050862312316895
408 403 696 90507 0.4926927089691162
408 401 948 152849 0.46949195861816406
408 407 856 127185 0.4660930633544922
408 403 829 118728 0.9509117603302002
408 402 805 111948 0.13263893127441406
408 407 833 126264 0.3227827548980713
416 412 1331 189811 0.3668792247772217
416 409 914 150673 0.39907288551330566
416 409 1188 175796 0.4561185836791992
416 411 936 157026 0.5776712894439697
416 416 1027 152940 0.12019109725952148
416 414 799 113934 0.3522779941558838
416 411 808 118598 0.3958160877227783
416 413 972 158715 0.26807117462158203
416 412 1129 167031 0.33873915672302246
416 411 825 129452 0.403353214263916
416 411 975 153238 0.40074968338012695
416 415 877 133846 0.2631800174713135
416 416 859 137261 0.5011155605316162
416 409 927 157980 0.48263978958129883
416 415 874 119076 0.24776005744934082
416 414 692 93183 0.5344357490539551
416 411 1349 189903 0.1428241729736328
416 409 728 97839 0.2455768585205078
416 414 679 80590 0.37736964225769043
416 416 890 134363 0.3648672103881836
424 418 1120 181188 0.4890127182006836
424 418 740 102131 0.5395529270172119
424 417 792 118703 0.5107998847961426
424 421 945 145001 0.2857236862182617
424 423 774 110567 0.5173969268798828
424 422 1268 182550 0.4475283622741699
424 420 821 120021 0.2792375087738037
424 424 681 82197 0.2823967933654785
424 420 1020 167870 0.5935733318328857
424 417 897 152420 0.5902054309844971
424 424 1135 173664 0.6210501194000244
424 417 907 142499 0.5169541835784912
424 422 851 131587 0.5899779796600342
424 420 781 110143 0.5071659088134766
424 424 899 144235 0.37120628356933594
424 420 824 116674 0.807828426361084
424 420 1307 185828 0.2684047222137451
424 424 879 144270 0.46979308128356934
424 417 815 125079 0.30552077293395996
432 430 828 126067 0.2612600326538086
432 431 915 158406 0.2965717315673828
432 425 919 156195 0.529688835144043
432 425 899 143976 0.2566537857055664
432 425 1011 164080 0.5106885433197021
432 432 1312 194645 0.6380999088287354
432 425 893 139451 0.28663110733032227
432 432 813 120048 0.3925652503967285
432 427 892 160567 0.4825010299682617
432 432 898 140565 0.33539271354675293
432 426 870 123732 0.5624499320983887
432 427 862 131856 0.44384264945983887
432 425 913 153264 0.42310595512390137
432 429 842 133235 0.6001288890838623
432 425 924 151298 0.14746379852294922
432 425 1004 163141 0.29552507400512695
432 430 956 162713 0.4777333736419678
432 429 779 105415 0.24310660362243652
432 425 793 119092 0.6426396369934082
432 427 841 135778 0.14788317680358887
432 431 1353 195498 0.9934723377227783
432 432 957 166236 0.6957600116729736
432 430 851 124076 0.3125925064086914
432 431 835 127773 0.4554708003997803
432 431 776 107978 0.823584794998169
432 430 843 128299 0.6495282649993896
440 440 977 155501 0.25221800804138184
440 440 826 134652 0.4502904415130615
440 434 758 102217 0.5505437850952148
440 438 759 106499 0.32378673553466797
440 433 918 164985 0.16089248657226562
440 439 767 115388 0.6043848991394043
440 435 735 105264 0.28158092498779297
440 440 1016 178571 0.5778393745422363
440 435 797 120126 0.5777199268341064
440 436 873 136220 0.4696183204650879
440 433 836 122729 0.495985746383667
440 433 778 103880 0.5213809013366699
440 434 831 135892 0.7115540504455566
440 434 995 155884 0.6135644912719727
440 437 873 128501 0.5307958126068115
440 440 864 131283 0.49005651473999023
440 440 893 147169 0.6539621353149414
440 434 916 154606 0.6180992126464844
440 436 750 98899 0.2543373107910156
440 435 807 121931 0.586855411529541
440 433 1002 152091 0.537283182144165
448 442 1007 158872 0.5821678638458252
448 444 822 130338 0.32207655906677246
448 448 798 132516 0.5094578266143799
448 446 1085 182088 0.5923600196838379
448 441 807 133088 0.6865696907043457
448 443 778 104747 0.9378669261932373
448 448 938 159492 0.5379462242126465
448 441 837 135442 0.4599144458770752
448 444 758 105218 0.5380911827087402
448 441 1219 182402 0.4767305850982666
448 441 861 119293 0.5534138679504395
448 441 1272 191784 0.8685314655303955
448 444 757 111026 0.14439153671264648
448 446 918 154561 0.4903590679168701
448 446 844 144299 0.24171805381774902
448 447 818 132345 0.6317756175994873
448 441 1252 193502 1.3660330772399902
448 443 838 144309 0.5015671253204346
448 448 792 125501 0.609835147857666
448 445 874 139565 0.5005230903625488
448 442 890 154708 0.4428997039794922
456 456 836 136493 0.7759659290313721
456 451 1342 198437 0.594170331954956
456 451 857 135906 0.6002411842346191
456 449 914 154280 0.2725527286529541
456 450 682 95218 0.4005770683288574
456 455 1020 171566 0.5088891983032227
456 451 788 119222 0.4359090328216553
456 454 823 131406 0.6514456272125244
456 451 1262 191204 0.6514194011688232
456 456 775 119235 0.6103930473327637
456 454 852 139029 0.6266529560089111
456 451 904 150017 1.1632936000823975
456 455 1241 194302 0.38561511039733887
456 453 773 107045 0.4508938789367676
456 453 877 151137 0.6189696788787842
456 454 779 123160 0.24428296089172363
456 454 865 141263 0.5619475841522217
456 450 749 105663 0.34173107147216797
456 454 1250 193930 0.325742244720459
456 452 888 153605 0.2657036781311035
456 450 876 137684 0.24519872665405273
456 452 743 104976 0.5812480449676514
456 449 1091 188984 0.3800339698791504
456 450 854 137798 0.3142123222351074
456 451 987 158928 0.4956192970275879
464 460 761 109612 0.6457209587097168
464 462 904 173803 0.6286411285400391
464 464 845 140159 0.3654177188873291
464 460 845 138394 1.0097792148590088
464 459 912 150783 1.098496675491333
464 458 821 127827 0.3313601016998291
464 460 812 134862 0.5790891647338867
464 461 1266 191985 0.28101658821105957
464 463 839 132701 0.7081797122955322
464 464 875 136445 0.6767449378967285
464 461 1193 196438 0.3142402172088623
464 458 1224 192561 0.645963191986084
464 458 946 155767 0.4775245189666748
464 459 868 135951 0.6188662052154541
464 458 826 135300 0.15844440460205078
464 461 828 135112 0.29213690757751465
464 464 863 140247 0.7044236660003662
464 459 903 158777 0.5778355598449707
464 458 835 133859 0.5188038349151611
464 458 987 175089 0.21271848678588867
464 464 804 129908 0.5253491401672363
464 461 1222 195075 0.48947739601135254
464 458 892 150234 0.669999361038208
464 462 854 127431 0.6512856483459473
464 462 972 177624 0.6816356182098389
464 460 1333 200872 0.599951982498169
472 468 886 152666 0.5026497840881348
472 465 887 166905 0.49473071098327637
472 467 847 142130 0.8066093921661377
472 466 919 156658 0.6394450664520264
472 465 953 179194 0.5163600444793701
472 470 848 133459 0.6535818576812744
472 467 935 175206 0.5699863433837891
472 470 839 135448 0.7523350715637207
472 471 869 157370 0.3947756290435791
472 465 833 147334 0.6925492286682129
472 465 920 155339 0.5978870391845703
472 470 884 152770 0.667119026184082
472 470 907 167142 0.7511553764343262
472 471 877 142781 0.6135883331298828
472 466 884 156924 0.2819998264312744
472 465 868 149252 0.5527732372283936
472 467 816 120192 0.2576727867126465
472 471 1094 184743 0.5955960750579834
472 465 765 102503 0.3813614845275879
472 468 794 117867 0.4602537155151367
472 465 943 158511 1.3501091003417969
472 469 897 158096 0.3746368885040283
472 465 815 124322 0.653878927230835
472 470 762 106692 0.27492856979370117
472 466 906 149548 0.3108484745025635
472 468 821 116739 0.7072944641113281
472 468 939 177191 0.6294903755187988
480 480 925 158030 0.26155924797058105
480 479 919 170546 0.822012186050415
480 475 999 184336 0.2858116626739502
480 474 869 166633 0.3887624740600586
480 476 1274 200740 0.29419684410095215
480 473 1225 193050 0.6526303291320801
480 479 923 171740 0.5592374801635742
480 478 913 176760 0.6918306350708008
480 476 750 96319 0.28233933448791504
480 477 860 132914 0.6772079467773438
480 473 804 131156 0.5587453842163086
480 480 806 138434 0.70159912109375
480 478 810 121182 0.7246594429016113
480 477 798 148196 0.6866495609283447
480 473 1283 199887 0.6511094570159912
480 479 1094 189188 0.14486336708068848
480 475 859 149329 0.3324573040008545
480 476 794 116196 0.7863025665283203
480 478 980 172823 0.6342456340789795
480 473 887 165744 0.6105983257293701
480 475 806 126083 0.5642950534820557
480 473 941 175255 0.5882523059844971
480 476 948 178495 0.30222439765930176
480 479 840 158136 1.3241746425628662
480 478 870 143398 0.14078879356384277
480 475 842 150889 0.7409079074859619
480 479 868 163497 0.6700930595397949
480 479 887 154542 0.46265387535095215
480 475 847 139369 0.48047327995300293
488 485 842 141136 0.7891244888305664
488 488 839 152000 0.4887275695800781
488 485 999 190069 1.0520775318145752
488 483 817 154679 0.5986886024475098
488 481 806 125659 0.6606302261352539
488 485 736 102679 0.6331486701965332
488 484 801 121297 0.6500978469848633
488 482 819 130317 0.536867618560791
488 484 839 153867 0.7770144939422607
488 481 854 157498 0.6986598968505859
488 483 913 161352 0.7275614738464355
488 482 830 142720 0.7261703014373779
488 486 915 162708 0.7643399238586426
488 482 873 150929 0.5384411811828613
488 483 808 124276 0.3588871955871582
488 488 907 163315 0.2606074810028076
488 481 992 185423 0.1516566276550293
488 483 888 159762 0.6663994789123535
488 485 1030 175896 0.7007501125335693
488 487 781 108353 0.6643509864807129
488 486 810 121043 0.4972238540649414
488 485 904 167814 0.3233625888824463
488 488 957 177206 0.6380605697631836
488 485 841 158957 0.7283639907836914
488 482 826 150587 0.926846981048584
488 488 803 136231 0.35591840744018555
488 487 942 180147 0.6372480392456055
488 488 863 160809 0.877650260925293
488 485 870 152375 0.2541224956512451
488 485 846 154804 0.2618868350982666
488 487 842 152719 0.7752206325531006
488 487 778 112283 0.806990385055542
488 482 1033 187935 0.5941269397735596
488 487 842 132538 0.6232678890228271
488 482 820 124111 0.6920719146728516
496 496 927 184088 0.3455054759979248
496 496 802 145910 0.25240182876586914
496 494 843 151036 0.7888083457946777
496 494 899 157237 0.5382063388824463
496 491 883 172345 0.39931297302246094
496 492 851 150192 1.0240542888641357
496 496 890 173679 0.32365870475769043
496 493 815 147941 0.8389365673065186
496 493 1119 199579 0.615534782409668
496 496 899 158115 0.3022422790527344
496 493 844 159802 0.24068498611450195
496 495 876 147751 0.7214858531951904
496 489 817 148945 0.6344177722930908
496 494 751 104412 0.2441251277923584
496 493 892 170441 0.644547700881958
496 494 805 151462 0.5649862289428711
496 495 988 186617 0.60422682762146
496 489 852 138748 0.6754617691040039
496 494 861 162784 0.7693519592285156
504 498 1056 193836 0.3252754211425781
504 504 791 114246 0.5786838531494141
504 500 861 162863 0.72926926612854
504 499 875 175981 0.32463884353637695
504 501 821 162784 0.713813304901123
504 498 821 134228 0.7986879348754883
504 500 1008 187542 0.8075110912322998
504 504 927 170785 0.5501635074615479
504 497 793 150943 0.7685446739196777
504 500 847 168484 0.3343963623046875
504 504 1043 195899 0.7043120861053467
504 503 939 188234 0.45490360260009766
504 503 904 178091 0.6207008361816406
504 504 825 132605 0.6448137760162354
504 503 883 155393 0.6369507312774658
504 497 842 148878 0.4545755386352539
504 498 817 153894 0.7008965015411377
504 502 786 140761 0.3192470073699951
504 499 823 145439 0.4111621379852295
504 500 796 129258 0.8347454071044922
512 510 859 158304 0.7482068538665771
512 508 1582 209012 0.2837064266204834
512 509 1047 191375 0.2613651752471924
512 506 861 166563 0.8676910400390625
512 508 826 121840 0.6132297515869141
512 510 831 152451 0.49007391929626465
512 511 890 153237 0.8038985729217529
512 505 801 135665 0.5580005645751953
512 508 853 125593 0.8124856948852539
512 505 841 134243 0.8577530384063721
512 508 828 130188 0.6626644134521484
512 511 994 187842 0.8836619853973389
512 511 818 143105 0.7743422985076904
