8 -1 4697 209315 9.623418807983398
8 -1 894 209479 9.90095591545105
8 -1 1177 209479 9.290151119232178
8 -1 818 209479 9.410053491592407
8 -1 14888 209479 9.748957872390747
8 -1 4180 209218 10.15227723121643
8 -1 15026 209218 9.885600566864014
8 -1 4747 209218 9.345516920089722
8 -1 17204 209218 9.960132598876953
8 -1 808 209218 9.110059022903442
8 -1 8638 209218 9.473403930664062
8 -1 2531 209218 9.145195484161377
8 -1 6346 209218 9.669231176376343
8 -1 1058 208800 9.246691703796387
8 -1 4898 208800 9.512423515319824
8 -1 3772 208800 9.353318452835083
8 -1 11105 208800 9.62315559387207
8 -1 1149 209577 9.187005519866943
8 -1 5673 209577 9.593628644943237
8 -1 916 209577 9.542126178741455
8 -1 3018 209270 9.504381656646729
8 -1 881 209270 9.256735563278198
8 -1 7355 209270 9.546683073043823
8 -1 1374 209270 9.377909183502197
8 -1 912 209418 9.214736223220825
8 -1 1121 209418 9.382853031158447
8 -1 7720 209418 9.570618629455566
8 -1 895 209418 9.062114715576172
8 -1 9738 209130 9.744562149047852
8 -1 4299 209130 9.364671468734741
8 -1 908 209130 9.293272972106934
8 -1 12562 209130 9.805604219436646
8 -1 13973 209130 9.878053188323975
8 -1 1617 209130 9.360430240631104
8 -1 21380 209492 10.04200792312622
8 -1 858 209492 9.407018899917603
8 -1 3567 209492 9.675377607345581
8 -1 808 208981 9.350295782089233
8 -1 864 209308 9.274697542190552
8 -1 1346 209308 9.456489086151123
8 -1 3061 209308 9.37234616279602
8 -1 866 209308 9.11252498626709
8 -1 15150 209308 9.610572099685669
8 -1 1135 209330 9.362573385238647
8 -1 4639 209330 9.41013479232788
8 -1 905 209330 9.175682306289673
8 -1 3180 209330 9.393369674682617
8 -1 1299 209304 9.252803087234497
8 -1 1661 209304 9.211131811141968
8 -1 1143 209304 9.391923189163208
8 -1 11278 209091 9.599735975265503
8 -1 15149 209091 9.718815803527832
8 -1 3846 209091 9.438392400741577
8 -1 5002 209339 9.542025327682495
8 -1 7536 209339 9.387429237365723
8 -1 793 208906 9.360987901687622
8 -1 4469 208906 9.3427894115448
8 -1 3859 208906 9.336946964263916
8 -1 13812 208906 9.915021657943726
8 -1 4303 209199 9.450352907180786
8 -1 1883 209199 9.356369256973267
8 -1 3335 209199 9.532564878463745
8 -1 17828 209199 9.964642763137817
8 -1 871 209199 9.217930316925049
8 -1 1006 209276 9.327916860580444
8 -1 4226 209276 9.567261457443237
8 -1 8110 209276 9.64381718635559
8 -1 1 3 0.00015473365783691406
8 -1 8798 209276 9.513908624649048
8 -1 760 209276 9.273807287216187
8 -1 5999 209276 9.376214742660522
8 -1 2973 209505 9.467999935150146
8 -1 1046 209505 9.530620574951172
8 -1 1270 209505 9.505594968795776
8 -1 1 1 0.0001316070556640625
8 -1 1192 209219 9.279966592788696
8 -1 750 209219 9.14255952835083
8 -1 5040 209219 9.54349660873413
8 -1 1043 209485 9.32675313949585
8 -1 13638 209485 9.684943675994873
8 -1 1719 209459 9.214998483657837
8 -1 966 209459 9.44857931137085
8 -1 7367 209459 9.521264553070068
8 -1 9765 209459 9.606483459472656
8 -1 1 1 0.0001266002655029297
8 -1 756 209420 9.366112232208252
8 -1 1074 209420 9.220985651016235
8 -1 990 209420 9.398294925689697
8 -1 815 209420 9.15382170677185
8 -1 2447 209551 9.467325925827026
8 -1 850 209238 9.299572706222534
8 -1 2904 209238 9.469846248626709
8 -1 1701 209238 9.204744815826416
8 -1 4265 209238 9.323649883270264
8 -1 933 209238 9.284935712814331
8 -1 1 1 0.00011157989501953125
8 -1 6213 209572 9.728907108306885
8 -1 833 209572 9.258103132247925
8 -1 1185 209572 9.350325107574463
8 -1 2262 209354 9.382901430130005
8 -1 10827 209354 9.590173721313477
8 -1 770 209354 9.354790449142456
8 -1 1157 209233 9.22472095489502
8 -1 1 1 0.00012493133544921875
8 -1 1057 209233 9.424328327178955
8 -1 6974 209233 9.69692850112915
8 -1 1153 209044 9.333997964859009
8 -1 7230 209792 9.717807531356812
8 -1 861 209792 9.488088130950928
8 -1 1180 209792 9.395634412765503
8 7 19 16 0.0007140636444091797
8 -1 1168 209339 9.254770278930664
8 -1 937 209339 9.267091512680054
8 -1 8201 209339 9.49094533920288
8 -1 4570 209339 9.247240543365479
8 -1 14665 209339 9.845398664474487
8 -1 3382 209700 9.411572933197021
8 -1 15103 209700 9.818469762802124
8 -1 10384 209700 9.64364767074585
8 -1 1069 209700 9.359185457229614
8 -1 1 1 0.00013875961303710938
8 -1 2626 209700 9.668862104415894
8 -1 893 209186 9.252872943878174
8 -1 5310 209186 9.259766578674316
8 -1 665 209186 9.240571737289429
8 -1 2221 209186 9.174123048782349
8 -1 2879 209317 9.351575374603271
8 -1 2359 209317 9.606270551681519
8 -1 1559 209317 9.28558087348938
8 -1 1166 209317 9.31747317314148
8 -1 6938 209440 9.612022161483765
8 -1 5713 209440 9.479193210601807
8 -1 3677 209440 9.352454662322998
8 -1 1751 209440 9.507903099060059
8 -1 842 209120 9.31014895439148
8 -1 6057 209120 9.432051658630371
8 -1 808 209275 9.28607964515686
8 -1 5124 209275 9.382689237594604
8 -1 6448 209234 9.536813735961914
8 -1 726 209234 9.213593482971191
8 -1 1107 209234 9.544583082199097
8 -1 4371 209234 9.394810438156128
8 -1 935 209234 9.221825122833252
8 -1 2 9 0.0002872943878173828
8 -1 1 1 0.00010728836059570312
8 -1 1307 209309 9.416690826416016
8 -1 737 209092 9.100780963897705
8 -1 1866 209092 9.316978216171265
8 -1 7981 209092 9.73286771774292
8 -1 10217 209092 9.777477741241455
8 -1 1395 209092 9.206512689590454
8 -1 762 209092 9.37634539604187
8 -1 894 209092 9.14443826675415
8 -1 4155 209190 9.38362431526184
8 -1 833 209190 9.283745050430298
8 -1 1400 209190 9.38192105293274
8 -1 3961 209190 9.442772626876831
8 -1 6791 209190 9.561922788619995
8 -1 1252 209448 9.545309782028198
8 -1 2726 209448 9.291746616363525
8 -1 1220 209448 9.42800259590149
8 -1 8614 209448 9.665062189102173
8 -1 16608 209448 9.789799213409424
8 -1 6790 209119 9.61723256111145
8 -1 8702 209119 9.746480941772461
8 -1 2480 209119 9.436181783676147
8 -1 1696 209119 9.257779836654663
8 -1 22579 209337 10.31737995147705
8 -1 1342 209337 9.583051443099976
8 -1 11969 209337 9.76826286315918
8 -1 827 209337 9.04876971244812
8 -1 1 1 0.00011467933654785156
8 -1 2397 209337 9.47871446609497
8 -1 6131 209572 9.469856977462769
8 -1 708 209572 9.164287567138672
8 -1 11334 209251 9.708885431289673
8 -1 6729 209251 9.564366102218628
8 -1 1044 209251 9.293396472930908
8 -1 6270 209074 9.627216577529907
8 -1 1254 209074 9.292040586471558
8 -1 1963 209074 9.347467422485352
8 -1 9626 209074 9.379890203475952
8 -1 3661 209074 9.297962665557861
8 -1 1271 209074 9.323371648788452
8 -1 1533 209074 9.533080816268921
8 -1 1987 208968 9.522777557373047
8 -1 985 208968 9.257501602172852
8 -1 4649 208968 9.482783555984497
8 -1 950 209643 9.189655542373657
8 -1 7197 209643 9.71577262878418
8 -1 5210 209643 9.315754652023315
8 -1 6608 209319 9.528573274612427
8 -1 5727 209319 9.174129486083984
8 -1 772 209319 9.085524320602417
8 -1 837 209319 9.192532539367676
8 -1 785 209319 9.178495645523071
8 -1 5940 209499 9.411788702011108
8 -1 10704 209499 9.86760401725769
8 -1 1523 209319 9.241783380508423
8 -1 1696 209319 9.456493377685547
8 -1 2010 209319 9.268596172332764
8 -1 10257 209319 9.747833251953125
8 -1 10422 209319 9.69927716255188
8 -1 868 209319 9.059154987335205
8 -1 1042 209319 9.314969062805176
8 -1 4337 209249 9.542682647705078
8 -1 909 209249 9.184350490570068
8 -1 9427 209249 9.590471029281616
8 -1 798 209347 9.190851926803589
8 -1 738 209347 9.155493974685669
8 -1 1983 209347 9.256747961044312
8 -1 13547 209347 9.932614803314209
8 -1 1073 209220 9.23591423034668
8 -1 5019 209220 9.402885675430298
8 -1 1308 209220 9.313873529434204
8 -1 3792 209220 9.516562223434448
8 -1 5631 209220 9.445650577545166
8 -1 1056 209143 9.302791357040405
8 -1 1181 209143 9.628496408462524
8 -1 3219 209143 9.480480432510376
8 -1 1562 209161 9.466463327407837
8 -1 1880 209161 9.300559759140015
8 -1 4261 209161 9.283468246459961
8 -1 6104 209161 9.536165237426758
8 -1 6072 209291 9.458998680114746
8 -1 756 209291 9.267911911010742
8 -1 5263 209291 9.491648197174072
8 -1 1053 209291 9.340585708618164
8 -1 754 209291 9.215733289718628
8 -1 1238 209291 9.455543994903564
8 -1 11700 209291 9.657155752182007
8 -1 1258 209331 9.488077402114868
8 -1 1037 209331 9.33586049079895
8 -1 13859 209139 9.887118339538574
8 -1 2094 209139 9.413376808166504
8 -1 3301 209139 9.445633888244629
8 -1 3016 209434 9.333732604980469
8 -1 2913 209434 9.372701168060303
8 -1 3354 209434 9.413989067077637
8 -1 9790 209434 9.939460277557373
8 -1 13167 209434 9.99081563949585
8 -1 4847 209225 9.566971063613892
8 -1 8700 209225 9.591023206710815
8 -1 10273 209225 9.618985414505005
8 -1 2323 209117 9.508403301239014
8 -1 2470 209117 9.403178930282593
8 -1 9173 209117 9.519082069396973
8 -1 761 209117 9.297656536102295
8 -1 3178 209117 9.146700859069824
8 -1 1122 209138 9.315444231033325
8 -1 2626 209138 9.512120008468628
8 -1 821 209154 9.203324556350708
8 -1 762 209273 9.286151885986328
8 -1 1514 209273 9.19113302230835
8 -1 2371 209273 9.13127326965332
8 -1 1123 209273 9.420163631439209
8 -1 988 209273 9.3082754611969
8 -1 976 209464 9.425960063934326
8 -1 1847 209464 9.443132400512695
8 -1 5115 209464 9.467686891555786
8 -1 20151 209464 10.151198625564575
8 -1 2429 209464 9.242423057556152
8 -1 8260 209464 9.717351913452148
8 -1 5158 209464 9.554905652999878
8 -1 1143 209464 9.658684253692627
8 -1 864 209350 9.143566370010376
8 -1 7182 209350 9.519989252090454
8 -1 2028 209350 9.354247093200684
8 -1 6598 209350 9.4775869846344
8 -1 3800 209350 9.271555662155151
8 -1 3306 209444 9.413728475570679
8 -1 5560 209444 9.676217079162598
8 -1 987 209444 9.325123071670532
8 -1 8074 209444 9.718160152435303
8 -1 3536 209444 9.438357830047607
8 -1 1 1 0.00011396408081054688
8 -1 1452 209380 9.436598062515259
8 -1 736 209380 9.126060009002686
8 -1 7312 209380 9.6501624584198
8 -1 14684 209380 9.897820472717285
8 -1 7589 209380 9.742759704589844
8 -1 4112 209228 9.47222089767456
8 -1 5597 209228 9.715322732925415
8 -1 3194 209228 9.559103012084961
8 -1 1371 209228 9.219301223754883
8 -1 13415 209228 9.948156118392944
8 -1 884 209228 9.208936929702759
8 -1 3681 209228 9.296727418899536
8 -1 4326 209353 9.392297267913818
8 -1 13186 209353 9.860506296157837
8 -1 9802 209243 9.614518880844116
8 -1 13482 209243 9.714824676513672
8 -1 852 209243 9.382505655288696
8 -1 1902 209243 9.398602962493896
8 -1 5443 209243 9.364579439163208
8 -1 2349 209243 9.348825216293335
8 -1 1147 209529 9.460041522979736
8 -1 4898 209529 9.545781373977661
8 -1 1688 209529 9.313329935073853
8 -1 3707 209529 9.44080376625061
8 -1 6744 209529 9.547686100006104
8 -1 748 209529 9.222071170806885
8 -1 1166 209529 9.24014687538147
8 -1 1145 209490 9.334692239761353
8 -1 806 209490 9.102604150772095
8 -1 1119 209490 9.40031361579895
8 -1 13700 209490 9.812774419784546
8 -1 940 209490 9.190577030181885
8 -1 2055 209373 9.22256851196289
8 -1 7779 209373 9.541795015335083
8 -1 896 209393 9.308762073516846
8 -1 2991 209393 9.29820466041565
8 -1 1936 209393 9.19387173652649
8 -1 3485 209393 9.56468677520752
8 -1 865 209393 9.211077451705933
8 -1 2472 209460 9.266494274139404
8 -1 2166 209198 9.447076797485352
8 -1 14450 209198 9.768468141555786
8 -1 983 209198 9.19333004951477
8 -1 6262 209198 9.40956711769104
8 -1 3707 209198 9.443423986434937
8 -1 10318 209270 9.780932664871216
8 -1 3460 209270 9.11721658706665
8 -1 10673 209270 9.513673782348633
8 -1 3175 209270 9.27422547340393
8 -1 4368 209270 9.33238410949707
8 -1 4736 209273 9.337702989578247
8 -1 12461 209273 9.89523458480835
8 -1 1162 209273 9.600683689117432
8 -1 1669 209273 9.483216762542725
8 -1 853 209273 9.220063209533691
8 -1 9498 209273 9.579396724700928
8 -1 765 209273 9.05586576461792
8 -1 2018 209113 9.600580930709839
8 -1 5134 209113 9.546154975891113
8 -1 835 209113 9.045080423355103
8 -1 1224 209318 9.23572850227356
8 -1 7966 209318 9.543638229370117
8 -1 7629 209318 9.545982122421265
8 -1 8261 209318 9.403918266296387
8 -1 3218 209089 9.623292207717896
8 -1 18807 209089 10.220560550689697
8 -1 976 209089 9.33189868927002
8 -1 867 209089 9.33279538154602
8 -1 8363 209089 9.46232795715332
8 -1 3144 209089 9.537606477737427
8 -1 968 209376 9.244868755340576
8 -1 1341 209376 9.322370767593384
8 -1 936 209376 9.220871925354004
8 -1 1015 209376 9.469562292098999
8 -1 1229 209376 9.1842622756958
8 -1 2805 209376 9.507606267929077
8 -1 4366 209376 9.578639507293701
8 -1 2719 209308 9.551623106002808
8 -1 1107 209308 9.279274225234985
8 -1 11816 209308 9.738697052001953
8 -1 12540 209308 9.980838060379028
8 -1 2318 209325 9.43145203590393
8 -1 1397 209325 9.376211881637573
8 -1 5699 209325 9.48110055923462
8 -1 3731 209325 9.312634944915771
8 -1 1050 209391 9.172411441802979
8 -1 1006 209391 9.383501768112183
8 -1 2095 209391 9.37473464012146
8 -1 802 209391 9.212472438812256
8 -1 1189 209391 9.305222511291504
8 -1 1034 209391 9.3517484664917
8 -1 2130 209259 9.488245725631714
8 -1 4440 209561 9.720662117004395
8 -1 3024 209561 9.5791654586792
8 -1 977 209240 9.19495177268982
8 -1 4205 209240 9.367558479309082
8 -1 10467 209240 9.60185170173645
8 -1 8229 209378 9.741997003555298
8 -1 854 209378 9.267224788665771
8 -1 2962 209378 9.45526123046875
8 -1 2057 209252 9.473435401916504
8 -1 12126 209252 9.708395957946777
8 -1 3412 209161 9.33073091506958
8 -1 882 209161 9.371506929397583
8 -1 9623 209161 9.650949239730835
8 -1 2227 209161 9.268308162689209
8 -1 1112 209161 9.346327304840088
8 -1 1376 209161 9.170316219329834
8 -1 753 209161 9.237741708755493
8 -1 3222 209161 9.369348764419556
8 -1 1146 209161 9.621845245361328
8 -1 4177 208996 9.54244089126587
8 -1 4293 208996 9.448752641677856
8 -1 20998 208996 10.166504621505737
8 -1 1143 208996 9.258425951004028
8 -1 1142 209080 9.522825717926025
8 -1 3135 209080 9.208087682723999
8 -1 1361 209080 9.329976081848145
8 -1 5234 209344 9.501575469970703
8 -1 6724 209344 9.395051956176758
8 -1 17026 209632 10.106582641601562
8 -1 1786 209632 9.453743934631348
8 -1 7756 209632 9.533859491348267
8 -1 3871 209632 9.508606672286987
8 -1 3343 209632 9.259644508361816
8 -1 1173 209431 9.19723653793335
8 -1 3286 209431 9.45889163017273
8 -1 9405 209431 9.672194719314575
8 -1 1265 209431 9.306187152862549
8 -1 2249 209431 9.196314573287964
16 16 33 67 0.0023736953735351562
16 13 17 28 0.0010256767272949219
24 23 50 52 0.0020685195922851562
24 22 33 84 0.0028383731842041016
24 19 54 59 0.002307415008544922
32 28 50 45 0.0017249584197998047
32 29 74 138 0.004828214645385742
32 31 72 128 0.004414796829223633
32 30 87 93 0.0035736560821533203
40 40 82 135 0.004949092864990234
40 39 99 193 0.006498575210571289
40 36 82 177 0.006340980529785156
40 40 102 136 0.004651069641113281
40 37 86 157 0.0058252811431884766
40 35 64 114 0.004075765609741211
40 35 86 118 0.004263639450073242
40 36 129 161 0.005991220474243164
48 42 122 163 0.006020545959472656
48 46 147 234 0.008471488952636719
48 41 95 147 0.005309343338012695
48 46 87 231 0.00796055793762207
48 41 129 207 0.0075948238372802734
48 48 123 209 0.007792234420776367
48 44 93 204 0.0071642398834228516
56 53 178 244 0.009236812591552734
56 52 129 170 0.0061855316162109375
56 49 73 272 0.009844064712524414
56 56 186 301 0.011046886444091797
56 55 95 168 0.005936145782470703
56 53 160 228 0.008399486541748047
56 53 123 334 0.011947393417358398
64 59 213 312 0.011766672134399414
64 59 101 310 0.011667013168334961
64 62 237 443 0.015688419342041016
64 59 171 273 0.010122060775756836
64 60 225 352 0.012982368469238281
64 61 132 446 0.01632976531982422
64 63 114 279 0.010050296783447266
64 61 94 176 0.0061185359954833984
64 59 109 195 0.007221698760986328
64 59 158 219 0.007856130599975586
64 60 109 308 0.01076650619506836
72 70 212 580 0.021379947662353516
72 72 221 442 0.015401363372802734
72 67 124 286 0.010446548461914062
72 70 199 602 0.021959781646728516
72 69 166 269 0.010021686553955078
72 65 260 433 0.015295982360839844
72 71 273 603 0.020911693572998047
72 69 234 326 0.011777877807617188
72 66 155 382 0.014236927032470703
72 66 173 237 0.008661508560180664
72 69 206 463 0.016674280166625977
72 72 140 632 0.021978378295898438
72 67 159 451 0.015865325927734375
72 68 232 398 0.014508962631225586
80 79 130 344 0.012138128280639648
80 79 254 491 0.018117904663085938
80 77 266 438 0.01618218421936035
80 79 145 445 0.016821622848510742
80 75 191 416 0.014699459075927734
80 77 266 470 0.017112016677856445
80 74 246 443 0.016047239303588867
80 80 289 434 0.016088485717773438
80 79 271 508 0.018382549285888672
88 87 166 526 0.018831491470336914
88 87 169 452 0.015759944915771484
88 81 236 634 0.02275395393371582
88 87 274 352 0.01263570785522461
88 87 203 693 0.025254249572753906
88 82 312 593 0.02163219451904297
88 86 326 690 0.025028467178344727
88 81 269 519 0.018430709838867188
88 83 250 393 0.014427661895751953
88 88 172 456 0.01648402214050293
88 85 167 613 0.02129340171813965
88 87 189 515 0.018167972564697266
88 84 363 685 0.024712324142456055
88 83 233 607 0.021404027938842773
96 95 177 907 0.032967329025268555
96 93 185 799 0.029021739959716797
96 94 203 810 0.02873516082763672
96 93 421 1249 0.04631996154785156
96 95 221 671 0.023783206939697266
96 93 254 401 0.014819622039794922
96 91 197 612 0.02178359031677246
96 92 382 639 0.023432493209838867
96 95 348 849 0.03092050552368164
96 95 434 792 0.029213905334472656
96 91 414 889 0.0328068733215332
96 94 354 693 0.025711536407470703
96 94 276 571 0.020366907119750977
96 93 151 767 0.028367996215820312
96 90 242 917 0.03287220001220703
96 90 535 1065 0.03886246681213379
96 93 475 926 0.034499168395996094
104 104 389 975 0.03577470779418945
104 104 401 655 0.0232999324798584
104 103 326 736 0.026877164840698242
104 99 191 731 0.02663278579711914
104 99 367 682 0.024662017822265625
104 104 503 774 0.02857518196105957
104 102 184 812 0.028254270553588867
104 104 276 1008 0.037381649017333984
104 101 253 779 0.02819228172302246
104 98 242 424 0.015424489974975586
104 98 366 1114 0.041358232498168945
104 99 322 934 0.03413677215576172
104 102 232 929 0.034110069274902344
104 98 276 692 0.025255203247070312
104 104 531 1022 0.0376126766204834
112 111 565 1564 0.05707120895385742
112 109 482 1014 0.03732633590698242
112 111 339 981 0.03557014465332031
112 108 493 1001 0.03702116012573242
112 108 303 879 0.03162956237792969
112 105 379 727 0.026639223098754883
112 111 479 1324 0.048087120056152344
112 109 269 1189 0.04356980323791504
112 110 633 2035 0.0768740177154541
112 107 486 913 0.03372931480407715
112 106 218 760 0.027779579162597656
112 109 399 899 0.03301644325256348
112 111 484 969 0.03479146957397461
112 105 448 757 0.027683734893798828
112 109 459 761 0.027820587158203125
120 120 606 1226 0.044425249099731445
120 113 414 718 0.02657771110534668
120 117 424 767 0.02783823013305664
120 117 442 677 0.024796724319458008
120 115 222 1018 0.03747129440307617
120 119 285 1211 0.044022560119628906
120 115 434 669 0.023939847946166992
120 115 571 1305 0.047187089920043945
120 118 355 1609 0.05801510810852051
120 114 132 744 0.025462865829467773
120 118 503 1489 0.05468249320983887
120 115 417 643 0.023439645767211914
120 120 511 902 0.033059120178222656
120 117 788 1650 0.06046319007873535
128 124 353 1370 0.05177712440490723
128 125 481 1028 0.0381779670715332
128 128 474 911 0.033128976821899414
128 124 844 1765 0.13709139823913574
128 121 487 882 0.03207063674926758
128 124 599 1200 0.043209075927734375
128 126 239 940 0.03452134132385254
128 123 259 1297 0.047670841217041016
128 121 276 859 0.03201627731323242
128 125 433 680 0.025040864944458008
128 128 539 1170 0.04294180870056152
128 126 442 755 0.027871370315551758
128 125 652 1285 0.04769158363342285
128 124 534 1123 0.041069984436035156
136 133 817 1786 0.06536555290222168
136 133 288 1264 0.04557394981384277
136 134 543 1188 0.04361987113952637
136 129 346 1315 0.04865765571594238
136 136 722 1273 0.04703879356384277
136 135 725 1545 0.05769538879394531
136 133 279 1020 0.03785228729248047
136 132 264 1358 0.04921412467956543
136 136 434 833 0.0300600528717041
136 130 265 1308 0.04792189598083496
136 129 291 1838 0.06774497032165527
136 135 244 1001 0.0366058349609375
136 129 614 1443 0.05308985710144043
136 136 666 1538 0.05670642852783203
144 138 306 1989 0.07397699356079102
144 137 267 1245 0.04754376411437988
144 139 807 4274 0.2337343692779541
144 144 727 1674 0.1333911418914795
144 143 301 1434 0.05222463607788086
144 144 399 1772 0.06484627723693848
144 144 520 1233 0.04551815986633301
144 144 878 1677 0.06239938735961914
144 139 478 956 0.035527706146240234
144 139 543 1724 0.06184530258178711
144 137 737 1431 0.05301308631896973
144 137 292 1683 0.06109213829040527
144 139 750 1676 0.06250262260437012
144 144 405 1976 0.0721285343170166
144 137 563 1927 0.07193255424499512
144 137 259 1005 0.03656578063964844
152 149 454 1578 0.05765581130981445
152 145 755 1434 0.052861690521240234
152 146 520 1073 0.03978228569030762
152 149 538 1609 0.06048846244812012
152 147 798 1340 0.049663543701171875
152 151 793 1769 0.06566023826599121
152 147 696 1379 0.051970720291137695
152 146 710 1694 0.062003374099731445
152 145 463 1321 0.04987788200378418
152 147 358 1809 0.06624794006347656
152 152 285 1730 0.06360864639282227
152 152 642 1703 0.06354379653930664
152 148 709 1991 0.07418155670166016
152 146 647 1700 0.06152224540710449
152 150 343 1766 0.06440925598144531
152 146 895 2222 0.08394646644592285
152 149 361 1787 0.06780672073364258
152 148 696 1481 0.053856849670410156
152 150 289 1560 0.05847048759460449
152 152 745 1306 0.11879825592041016
152 152 882 1703 0.06261253356933594
152 148 691 1393 0.05098271369934082
152 150 534 1542 0.05726027488708496
160 156 942 1836 0.06879734992980957
160 157 702 1421 0.05140566825866699
160 157 788 1641 0.06042981147766113
160 158 880 1972 0.07354259490966797
160 155 278 1765 0.06428909301757812
160 156 1176 4231 0.16254162788391113
160 153 289 1981 0.07259631156921387
160 160 278 1913 0.06984376907348633
160 154 716 1485 0.05427145957946777
160 157 760 2242 0.08413124084472656
160 154 545 1740 0.06357097625732422
160 160 480 1475 0.054834842681884766
160 158 451 1503 0.05713629722595215
160 154 494 1144 0.04132533073425293
160 158 982 2269 0.08347058296203613
160 154 281 1226 0.04442572593688965
160 154 486 1365 0.05061602592468262
160 158 379 2490 0.09291529655456543
168 161 321 1628 0.05970191955566406
168 161 399 2575 0.09156298637390137
168 163 869 1875 0.0698390007019043
168 164 354 2003 0.07439565658569336
168 166 628 2675 0.1026148796081543
168 168 330 1855 0.06814265251159668
168 164 373 2387 0.16028499603271484
168 162 708 1455 0.054564714431762695
168 164 290 2092 0.07654809951782227
168 167 1252 3378 0.12768220901489258
168 161 701 2428 0.09228205680847168
168 164 1096 2615 0.09804201126098633
168 161 259 2259 0.08218145370483398
168 164 317 2231 0.08065652847290039
168 164 604 1779 0.06710267066955566
168 161 556 1693 0.06299734115600586
168 163 315 2215 0.0796971321105957
168 168 523 931 0.03387951850891113
168 165 985 2092 0.07829689979553223
168 166 1022 2369 0.09000658988952637
168 165 303 1893 0.14112019538879395
168 166 494 894 0.03217744827270508
168 164 967 1859 0.06918621063232422
168 167 958 2256 0.08497858047485352
168 167 281 2007 0.07260775566101074
168 162 654 2088 0.07984566688537598
176 175 821 1749 0.06572365760803223
176 171 849 2244 0.08266711235046387
176 171 417 1993 0.0722341537475586
176 170 353 1930 0.07196331024169922
176 176 915 1851 0.06754088401794434
176 171 1086 2721 0.10105037689208984
176 170 855 1711 0.06270217895507812
176 174 534 2527 0.09495973587036133
176 172 852 1549 0.05669283866882324
176 172 336 1976 0.07290363311767578
176 175 767 2129 0.07775259017944336
176 171 767 1246 0.04707050323486328
176 172 350 2873 0.10646200180053711
176 174 1081 2446 0.09002566337585449
184 178 869 2826 0.10756373405456543
184 177 382 1943 0.07209563255310059
184 184 845 2488 0.09260320663452148
184 180 351 2551 0.1664113998413086
184 183 1043 1792 0.06718826293945312
184 182 965 1909 0.07083392143249512
184 177 1386 3043 0.11320638656616211
184 179 338 2728 0.10027027130126953
184 182 543 2349 0.08649230003356934
184 179 370 2718 0.10167694091796875
184 182 393 2817 0.10388517379760742
184 183 868 3345 0.1282367706298828
184 178 909 1630 0.0599217414855957
184 178 364 2371 0.08852052688598633
184 183 515 1620 0.06056976318359375
184 180 754 1461 0.05318808555603027
184 178 1058 1924 0.07089114189147949
184 180 363 2689 0.1695384979248047
192 192 1067 2490 0.09309840202331543
192 191 1324 2793 0.10433101654052734
192 192 1525 3480 0.13070178031921387
192 191 414 2909 0.1081550121307373
192 186 932 2083 0.07825303077697754
192 190 1227 3021 0.11098694801330566
192 189 443 3488 0.13158369064331055
192 185 1178 2676 0.1016242504119873
192 186 971 1853 0.07011532783508301
192 192 710 1267 0.04625129699707031
192 185 811 1489 0.05510115623474121
192 189 796 2144 0.0808877944946289
192 191 537 3294 0.12277436256408691
192 192 991 2610 0.09745168685913086
192 188 1182 2545 0.09401774406433105
192 188 386 3471 0.2029895782470703
200 193 382 2175 0.0804593563079834
200 195 902 1892 0.07110381126403809
200 193 863 2049 0.07487130165100098
200 194 435 3168 0.11589765548706055
200 200 1302 2765 0.10506987571716309
200 198 1357 3247 0.12230157852172852
200 199 1034 1799 0.13851380348205566
200 193 967 1948 0.0724186897277832
200 194 1027 1950 0.1434922218322754
200 198 622 3319 0.12536096572875977
200 194 563 3034 0.11303257942199707
200 193 672 2507 0.0942375659942627
200 195 1169 3125 0.1166386604309082
200 193 569 2894 0.10763978958129883
200 200 1793 4509 0.17128753662109375
200 199 763 1239 0.04665541648864746
200 200 579 3608 0.13350582122802734
200 193 404 2426 0.09040260314941406
200 193 756 1305 0.048363685607910156
200 199 264 2242 0.08105134963989258
200 193 934 1778 0.06599712371826172
200 196 535 3511 0.13041234016418457
200 199 412 2821 0.17426180839538574
200 193 300 2014 0.07399535179138184
200 195 503 2948 0.1098935604095459
200 196 1331 3223 0.12112092971801758
208 201 1146 2806 0.10464096069335938
208 202 457 3139 0.11435341835021973
208 202 747 1270 0.11831283569335938
208 201 1605 3227 0.11998391151428223
208 205 1454 3473 0.13152289390563965
208 201 1340 3045 0.11282825469970703
208 203 405 3261 0.1181185245513916
208 204 531 3297 0.1219475269317627
208 208 948 1547 0.05859827995300293
208 201 814 1441 0.05214118957519531
208 203 1346 3580 0.13488483428955078
208 203 436 2479 0.09532308578491211
208 203 1092 2471 0.09108948707580566
208 201 1578 3332 0.19706344604492188
208 202 438 2202 0.08368945121765137
208 203 645 2864 0.1081845760345459
208 206 1373 3904 0.1461658477783203
208 203 817 3468 0.12894988059997559
208 206 1281 3744 0.14102792739868164
208 206 1308 2666 0.09955286979675293
208 202 1784 4554 0.17500543594360352
208 207 453 2992 0.11209392547607422
208 208 1447 3225 0.12151169776916504
208 201 917 2099 0.07797527313232422
216 211 1335 3775 0.1448047161102295
216 215 877 1478 0.055083274841308594
216 216 442 3226 0.12247037887573242
216 212 1328 2936 0.10835433006286621
216 210 1397 3298 0.12242412567138672
216 209 1893 4577 0.17271685600280762
216 209 1524 3168 0.11681962013244629
216 215 1008 3655 0.20829486846923828
216 214 1261 3124 0.11781978607177734
216 211 400 2795 0.10605049133300781
216 211 1119 2253 0.08616042137145996
216 215 699 3302 0.1224668025970459
216 211 1474 3091 0.11575937271118164
216 210 757 3444 0.13182592391967773
216 215 1036 4076 0.15670323371887207
216 215 1291 3074 0.11340928077697754
216 216 1414 3976 0.14964771270751953
216 215 1110 2440 0.0918874740600586
216 212 1233 2839 0.10703349113464355
216 211 404 3494 0.12901902198791504
216 211 2119 5116 0.19083452224731445
216 214 1349 3042 0.11252665519714355
216 213 680 3017 0.11417961120605469
216 210 1355 3441 0.12961864471435547
216 214 886 1494 0.05544900894165039
224 217 1249 3494 0.1281757354736328
224 218 1019 4176 0.15768170356750488
224 222 437 3013 0.10880351066589355
224 221 1896 6503 0.32589077949523926
224 219 1087 5082 0.1965625286102295
224 217 743 1185 0.04506731033325195
224 224 1322 4817 0.18234896659851074
224 219 1768 3402 0.1286940574645996
224 218 988 2064 0.0767974853515625
224 224 926 1656 0.061818599700927734
224 224 504 3808 0.1461477279663086
224 217 930 1708 0.06384444236755371
224 224 778 1466 0.05518913269042969
224 223 2299 5729 0.2206254005432129
224 219 1175 3036 0.11439347267150879
224 217 1881 5236 0.19745731353759766
224 224 523 4898 0.26112890243530273
224 219 550 4049 0.15125632286071777
224 223 1656 3654 0.137939453125
224 224 516 3417 0.1270897388458252
224 217 495 3755 0.1417827606201172
224 221 478 3190 0.11947894096374512
224 219 919 1876 0.06882143020629883
224 217 1393 2764 0.10284948348999023
224 221 985 3310 0.12433147430419922
232 230 1562 3337 0.12354016304016113
232 225 846 1699 0.0634012222290039
232 228 1826 4119 0.15469956398010254
232 232 499 4195 0.15436768531799316
232 225 1153 3864 0.15011334419250488
232 226 1497 3550 0.20616722106933594
232 226 2645 7451 0.2815871238708496
232 226 1559 2885 0.10875964164733887
232 225 998 1906 0.0717928409576416
232 231 532 3750 0.1429750919342041
232 232 515 4670 0.17290568351745605
232 226 525 4447 0.16766643524169922
232 228 1657 4191 0.15817856788635254
232 230 2415 6265 0.23891210556030273
232 227 791 6847 0.2705075740814209
232 225 1792 3786 0.1432812213897705
232 227 637 3445 0.13288593292236328
232 230 2343 7699 0.29538965225219727
232 230 1042 4131 0.16089820861816406
232 228 1345 2679 0.09965229034423828
232 232 591 4458 0.23990464210510254
232 230 727 3645 0.13670921325683594
232 227 1492 3484 0.1293773651123047
232 227 528 3709 0.13662123680114746
232 232 998 1826 0.06846189498901367
232 228 1816 3609 0.13645195960998535
232 228 578 4135 0.15647029876708984
232 225 1224 3807 0.14717912673950195
232 231 869 4431 0.16772079467773438
232 229 1318 3205 0.11987686157226562
232 227 528 4123 0.15539002418518066
232 227 542 3625 0.13817620277404785
232 232 1015 1849 0.06796717643737793
232 229 1390 3114 0.11511611938476562
232 227 345 3118 0.11524152755737305
232 227 551 3793 0.14067387580871582
232 231 475 3446 0.125474214553833
240 239 1723 4496 0.16868138313293457
240 234 2218 6774 0.33541226387023926
240 236 882 1628 0.06051063537597656
240 233 844 3450 0.13001084327697754
240 234 1071 2960 0.1113882064819336
240 234 944 1539 0.057671546936035156
240 235 856 3060 0.11355280876159668
240 235 1576 3544 0.13295793533325195
240 240 1666 3457 0.12932062149047852
240 233 1340 3449 0.12941265106201172
240 235 626 3843 0.14424443244934082
240 234 2517 7408 0.28644537925720215
240 233 741 4291 0.16298532485961914
240 237 950 1883 0.06912589073181152
240 234 1655 3794 0.21347641944885254
240 236 1342 2620 0.09798669815063477
240 236 1005 1509 0.057590484619140625
240 238 1449 3210 0.12182879447937012
240 235 555 4162 0.15723347663879395
240 238 1135 4089 0.1560666561126709
248 247 535 4922 0.18405818939208984
248 246 1590 3831 0.1439962387084961
248 243 2218 5810 0.22234630584716797
248 243 1247 4763 0.18313002586364746
248 243 531 3719 0.14136433601379395
248 243 983 4670 0.17596721649169922
248 241 931 4143 0.15869426727294922
248 247 604 3813 0.140519380569458
248 242 1418 3513 0.20501279830932617
248 242 1536 3137 0.11732339859008789
248 247 683 4862 0.18290328979492188
248 247 1207 4328 0.16341757774353027
248 242 825 2884 0.10790157318115234
248 248 1862 6287 0.2446753978729248
248 242 638 4123 0.15582704544067383
248 245 1417 2921 0.11113166809082031
248 244 526 4757 0.2514348030090332
248 246 1216 4396 0.2403719425201416
248 241 1064 3811 0.14241743087768555
248 247 1382 4250 0.23895001411437988
248 241 1345 4207 0.1612999439239502
256 255 1700 3507 0.1316666603088379
256 250 559 4158 0.15308666229248047
256 251 1624 3936 0.15282964706420898
256 256 548 5439 0.19937562942504883
256 249 1063 4285 0.23756861686706543
256 256 1361 2692 0.10285067558288574
256 253 552 3958 0.14938139915466309
256 253 539 4490 0.1665349006652832
256 249 826 1667 0.1320939064025879
256 249 1665 4169 0.15842747688293457
256 252 1502 3017 0.11264634132385254
256 251 693 5135 0.19665169715881348
256 255 2519 7954 0.3824613094329834
256 256 1559 3122 0.11782050132751465
256 255 1030 1954 0.07345294952392578
256 250 1777 3239 0.12250041961669922
256 249 1223 4140 0.15892362594604492
256 253 1321 5316 0.20138001441955566
256 250 1657 3589 0.13302350044250488
256 251 586 5007 0.18631458282470703
264 261 1834 4371 0.24113702774047852
264 260 941 4213 0.16214871406555176
264 261 695 5203 0.19182229042053223
264 264 629 5002 0.19162297248840332
264 258 1932 4420 0.16881346702575684
264 262 532 4686 0.1792278289794922
264 259 1679 3851 0.14847183227539062
264 261 556 5514 0.2028946876525879
264 259 2582 6470 0.32371950149536133
264 263 1546 3238 0.12142133712768555
264 261 857 4172 0.16032910346984863
264 259 1678 3833 0.14377713203430176
264 259 1605 4555 0.24991679191589355
264 258 770 4313 0.16303133964538574
264 257 541 3746 0.14046859741210938
264 263 1767 3206 0.12342715263366699
264 257 939 1801 0.0680840015411377
264 261 1785 3323 0.20009994506835938
264 262 1690 3622 0.1406540870666504
264 261 2700 6301 0.24380064010620117
264 263 1491 5594 0.2911961078643799
264 257 518 4984 0.2599456310272217
264 260 1884 4821 0.18043255805969238
264 262 3042 9529 0.38324928283691406
264 261 560 5421 0.2045295238494873
272 272 504 5826 0.22021031379699707
272 267 1870 3575 0.1367020606994629
272 270 559 5699 0.2140800952911377
272 272 2021 4147 0.1594982147216797
272 272 550 5673 0.2871382236480713
272 271 1847 3597 0.20761561393737793
272 268 1674 4621 0.17431855201721191
272 266 1774 3153 0.12046122550964355
272 267 3307 9422 0.36971592903137207
272 270 806 5951 0.2284102439880371
272 269 1986 4667 0.2526733875274658
272 267 1343 5415 0.20631885528564453
272 265 2718 6826 0.33670878410339355
272 266 1532 3292 0.12587904930114746
272 270 1719 3634 0.13652396202087402
272 271 924 4467 0.17511630058288574
272 267 1737 3578 0.1372356414794922
272 269 564 4936 0.18665599822998047
272 266 541 4722 0.17794203758239746
272 267 1593 3533 0.2086637020111084
272 272 1685 3245 0.12308335304260254
272 268 565 4219 0.1590118408203125
272 267 630 6193 0.2316911220550537
272 265 616 5478 0.20199298858642578
272 270 1855 3521 0.20653796195983887
272 268 2294 4960 0.1864793300628662
272 266 567 4868 0.1866919994354248
272 267 2702 11136 0.43947386741638184
272 267 2460 6750 0.32976245880126953
272 271 1586 3812 0.14379024505615234
272 270 636 5065 0.266190767288208
272 271 1978 4202 0.16008567810058594
272 271 554 5406 0.28026628494262695
272 268 1400 4161 0.15868830680847168
272 272 829 5711 0.22095823287963867
280 275 1355 5168 0.2029125690460205
280 279 693 5436 0.20462727546691895
280 280 2268 6363 0.2438797950744629
280 273 1010 1688 0.06264162063598633
280 277 761 6422 0.23897027969360352
280 277 569 5664 0.2145223617553711
280 273 1228 5814 0.2246699333190918
280 278 538 5177 0.2687232494354248
280 276 1034 6204 0.24222755432128906
280 278 1361 5140 0.19564557075500488
280 274 1407 5220 0.27699804306030273
280 274 532 4464 0.17052388191223145
280 274 635 5720 0.21989107131958008
280 280 557 5107 0.19501352310180664
280 273 1920 4028 0.22716617584228516
280 274 1193 4916 0.19064545631408691
280 280 1941 4207 0.16012096405029297
280 275 1079 5912 0.2272052764892578
280 273 1552 5328 0.20388150215148926
280 276 698 6066 0.23450016975402832
280 279 1901 6618 0.3361165523529053
280 275 1841 3668 0.13935089111328125
280 279 553 5390 0.20684385299682617
280 279 1856 3550 0.13663697242736816
280 280 2451 5851 0.225264310836792
280 280 1758 3367 0.19568347930908203
280 279 1823 6823 0.2648599147796631
280 276 1653 3891 0.1476137638092041
280 275 1545 5861 0.30564260482788086
288 284 1642 3090 0.11706829071044922
288 287 2164 6428 0.24665117263793945
288 283 553 6125 0.30272483825683594
288 285 1518 5923 0.2378857135772705
288 288 1495 2697 0.17595458030700684
288 288 1404 5951 0.2978663444519043
288 286 540 5621 0.21656250953674316
288 285 1673 7328 0.2820167541503906
288 282 1823 4472 0.17456865310668945
288 288 1862 4442 0.17316699028015137
288 288 2660 5325 0.2033069133758545
288 287 602 5330 0.20669317245483398
288 285 599 6966 0.34126758575439453
288 285 2198 5069 0.19562292098999023
288 285 2555 9136 0.3572537899017334
288 281 1248 5107 0.19911479949951172
288 286 598 7677 0.2943415641784668
288 284 572 5165 0.19744324684143066
288 287 1752 5593 0.295795202255249
288 283 1654 5567 0.2854444980621338
288 284 918 6367 0.3203697204589844
288 283 3815 11716 0.4691121578216553
288 285 984 5151 0.19928932189941406
288 287 954 1608 0.060986995697021484
288 287 2000 3446 0.1322004795074463
288 285 1944 5164 0.27044105529785156
288 286 1207 5558 0.28964757919311523
296 292 1233 6122 0.23569369316101074
296 293 2639 6447 0.24991130828857422
296 296 1451 2679 0.10021662712097168
296 292 1443 5676 0.21880316734313965
296 294 1115 5608 0.2905576229095459
296 296 754 7798 0.3006575107574463
296 292 662 6370 0.2425081729888916
296 290 2787 5952 0.23046588897705078
296 292 2954 6409 0.24900484085083008
296 295 1978 3801 0.14354515075683594
296 292 2863 6081 0.23380827903747559
296 290 1731 4759 0.18138909339904785
296 292 1756 3256 0.12379693984985352
296 291 912 4790 0.18740177154541016
296 294 1259 5682 0.21752047538757324
296 295 1199 6961 0.26801562309265137
296 295 1098 6909 0.26807689666748047
296 293 587 7077 0.34642529487609863
296 293 2922 7272 0.2822082042694092
296 292 569 6324 0.24045038223266602
296 289 3021 7987 0.3889889717102051
296 290 1108 7259 0.2793452739715576
296 295 1530 7238 0.2853996753692627
296 295 594 5912 0.22476601600646973
296 293 2840 5671 0.21726465225219727
304 299 574 6490 0.3143291473388672
304 298 2371 6650 0.2555563449859619
304 297 1841 3663 0.14037275314331055
304 298 634 6892 0.26783251762390137
304 301 1701 4914 0.1901414394378662
304 304 2346 6124 0.23344039916992188
304 298 942 8250 0.3172304630279541
304 301 1549 6788 0.2664499282836914
304 302 1882 3512 0.13530421257019043
304 299 2077 5526 0.21175861358642578
304 297 863 6886 0.2672898769378662
304 300 705 6387 0.2407534122467041
304 297 1025 8318 0.3249673843383789
304 303 2512 5598 0.2137923240661621
304 298 1966 3595 0.13599634170532227
304 297 1803 3398 0.13095951080322266
304 299 704 6678 0.331784725189209
304 298 595 6687 0.25551700592041016
312 311 595 6730 0.33478331565856934
312 310 1019 1805 0.06840276718139648
312 307 2332 6338 0.24162817001342773
312 305 2420 5678 0.22080230712890625
312 308 603 6165 0.30553245544433594
312 309 1848 3495 0.13323450088500977
312 309 1505 5509 0.21656465530395508
312 309 730 4810 0.1851499080657959
312 307 1308 7431 0.2903404235839844
312 308 625 7764 0.3003675937652588
312 309 1779 5656 0.22267389297485352
312 311 1663 7927 0.3823404312133789
312 310 1705 5998 0.23854923248291016
312 309 1862 4094 0.15843725204467773
312 312 1372 2746 0.10351705551147461
312 310 2372 7070 0.2727231979370117
312 306 656 6150 0.23804807662963867
312 305 601 5810 0.22000622749328613
312 307 2000 5056 0.19044113159179688
312 309 2419 7095 0.2720651626586914
312 310 761 9164 0.35420942306518555
312 307 1994 3534 0.1352856159210205
312 307 2594 7760 0.3086864948272705
312 306 1990 3769 0.14379262924194336
312 308 2089 5522 0.2110893726348877
312 310 1876 4639 0.17427349090576172
312 310 2687 6577 0.32460999488830566
312 309 1432 7059 0.34747934341430664
312 308 1824 6239 0.31916069984436035
312 308 2571 6760 0.26372361183166504
320 317 1031 7714 0.3180568218231201
320 317 587 6863 0.25658512115478516
320 319 2745 7817 0.30441713333129883
320 313 3751 12412 0.49152231216430664
320 314 4754 12209 0.4813687801361084
320 315 1431 7496 0.2913198471069336
320 313 759 6351 0.3166930675506592
320 320 3122 7157 0.2752394676208496
320 318 1047 2454 0.09304356575012207
320 319 1491 8303 0.3235454559326172
320 320 1869 3587 0.13702130317687988
320 316 2136 4505 0.17023181915283203
320 316 697 7333 0.27620363235473633
320 314 1291 8177 0.31450676918029785
320 317 1779 2998 0.11525225639343262
320 318 728 8045 0.38713860511779785
320 319 653 6741 0.25585341453552246
320 319 678 6263 0.23490238189697266
320 320 2683 7082 0.2720518112182617
320 315 658 8043 0.3786158561706543
320 318 1545 7371 0.28426456451416016
320 314 712 8086 0.3063478469848633
328 328 2911 7562 0.31432485580444336
328 323 2532 6498 0.3401608467102051
328 322 4118 12628 0.5807919502258301
328 324 1313 7074 0.274242639541626
328 322 3046 8796 0.4163830280303955
328 328 1795 3661 0.14117193222045898
328 325 751 8467 0.39429306983947754
328 327 1461 6993 0.2712278366088867
328 326 2907 6799 0.2670705318450928
328 327 763 7181 0.3548910617828369
328 321 3301 6933 0.3393375873565674
328 324 1791 3501 0.13482379913330078
328 327 702 7382 0.28259801864624023
328 325 1893 3797 0.14293503761291504
328 324 1297 7087 0.34601593017578125
328 322 3326 7559 0.36428141593933105
328 321 728 6569 0.24531984329223633
328 328 769 7435 0.28343939781188965
328 325 2047 4195 0.16497063636779785
328 326 2372 6176 0.23410606384277344
328 322 1907 9845 0.47252345085144043
328 328 1698 3160 0.12193918228149414
328 322 3059 7802 0.3768281936645508
328 328 786 8530 0.3274540901184082
328 326 2723 6318 0.32195448875427246
328 325 2624 6580 0.3334987163543701
328 322 3318 7815 0.375319242477417
328 323 3121 7405 0.28660130500793457
336 331 1653 3139 0.18912768363952637
336 329 1060 9310 0.366182804107666
336 331 653 6781 0.2594757080078125
336 331 1864 3916 0.22437810897827148
336 331 1989 7863 0.30608320236206055
336 336 2714 5836 0.22302603721618652
336 333 758 8450 0.322859525680542
336 330 2905 8170 0.397397518157959
336 334 2721 6088 0.23858165740966797
336 335 2126 5837 0.22298383712768555
336 332 2464 5452 0.20809364318847656
336 332 1203 7077 0.27463579177856445
336 334 3413 6814 0.2684757709503174
336 334 1842 3429 0.13086652755737305
336 330 1255 7542 0.3014490604400635
336 334 3855 9399 0.3649170398712158
336 330 2084 4567 0.17070651054382324
336 335 1877 8116 0.3176438808441162
336 332 4274 11397 0.5309746265411377
336 333 1824 8804 0.35362911224365234
336 334 909 8073 0.31290483474731445
336 333 813 9306 0.3604559898376465
336 330 2045 4069 0.15485167503356934
336 332 3672 8182 0.3248002529144287
344 343 2370 6931 0.26609373092651367
344 339 2272 6782 0.2683072090148926
344 342 4699 15471 0.6196019649505615
344 343 1104 7052 0.2694880962371826
344 342 2702 7158 0.27575111389160156
344 339 1795 3299 0.1243896484375
344 340 1995 3922 0.15371918678283691
344 338 4573 18986 0.8587963581085205
344 343 3251 9131 0.4281303882598877
344 344 1453 8358 0.39664268493652344
344 341 2920 7350 0.36166906356811523
344 337 939 1635 0.06239795684814453
344 339 4530 16324 0.663902997970581
344 338 2767 7454 0.2855246067047119
344 337 2070 9453 0.45017290115356445
344 341 706 8072 0.30887746810913086
344 341 2939 7313 0.27814507484436035
344 338 2289 9694 0.3805544376373291
344 337 2039 8019 0.3936927318572998
344 339 583 8266 0.3151242733001709
344 342 2905 7257 0.2854750156402588
344 343 776 8545 0.3286592960357666
344 337 1869 3751 0.14546585083007812
344 337 1915 3788 0.14348888397216797
344 337 2380 8720 0.42270684242248535
344 344 1962 3559 0.13879799842834473
344 343 662 8367 0.321943998336792
344 344 2841 6046 0.30612921714782715
344 338 1926 3638 0.14278173446655273
352 349 1483 7147 0.2835268974304199
352 345 1217 10317 0.4069335460662842
352 346 2684 6294 0.24280309677124023
352 345 695 8635 0.4131815433502197
352 349 2981 7445 0.2912273406982422
352 345 1821 3355 0.12833595275878906
352 348 2003 4151 0.15955352783203125
352 350 726 8275 0.313995361328125
352 352 776 7655 0.2952713966369629
352 349 962 8983 0.3414955139160156
352 349 2379 8925 0.3665494918823242
352 349 2000 3747 0.1450803279876709
352 350 1709 8743 0.3436884880065918
352 351 2878 7937 0.3090498447418213
352 348 2815 6005 0.23109006881713867
352 352 1665 3198 0.12355756759643555
352 349 1288 9963 0.3854053020477295
352 352 886 10667 0.4099159240722656
352 348 1883 3628 0.13827204704284668
352 351 4344 11674 0.46172308921813965
352 347 3129 5829 0.30161070823669434
352 351 2116 7659 0.30109691619873047
352 349 3171 7141 0.27544283866882324
352 350 3540 7917 0.3041725158691406
352 350 1942 3662 0.21383094787597656
352 350 2606 6440 0.24701809883117676
352 350 2722 6530 0.3278801441192627
352 351 3687 8836 0.3407456874847412
352 347 2654 7174 0.35231542587280273
352 348 860 8019 0.37588977813720703
352 347 2934 8286 0.3242514133453369
352 348 2823 6390 0.3233377933502197
360 354 3172 6736 0.26229238510131836
360 356 710 10434 0.39893221855163574
360 358 774 9124 0.34186625480651855
360 355 3701 8488 0.32917141914367676
360 357 667 7718 0.3010256290435791
360 356 3101 7867 0.3080098628997803
360 354 1591 7728 0.30460667610168457
360 360 2942 6577 0.2517831325531006
360 354 756 8370 0.3178715705871582
360 353 748 8636 0.41051578521728516
360 360 3138 7905 0.3083488941192627
360 357 3527 9683 0.38576436042785645
360 357 1217 10388 0.40517187118530273
360 359 723 7033 0.26924920082092285
360 356 1737 3361 0.20108699798583984
360 359 4182 16943 0.7016012668609619
360 360 2554 6282 0.24538064002990723
360 360 2899 6253 0.23877477645874023
360 353 2733 5856 0.23348760604858398
360 355 4876 12642 0.5012805461883545
360 360 2660 7572 0.2922966480255127
360 353 2963 6130 0.23411893844604492
360 355 1631 7168 0.27685999870300293
360 356 2886 9590 0.4518117904663086
360 356 2778 8292 0.32143163681030273
360 353 2769 7471 0.28849339485168457
368 364 3526 9272 0.3606836795806885
368 364 748 10249 0.39000964164733887
368 368 2850 7258 0.27825403213500977
368 361 3189 8482 0.33092713356018066
368 367 833 9523 0.43970394134521484
368 367 3878 10030 0.46811389923095703
368 367 1346 9826 0.46494555473327637
368 368 726 9268 0.3539237976074219
368 365 2037 3767 0.22063779830932617
368 367 766 9836 0.4401888847351074
368 368 5927 16767 0.6683166027069092
368 367 3211 8573 0.40210986137390137
368 366 1024 10141 0.3954765796661377
368 362 3291 6989 0.2660810947418213
368 367 1388 11813 0.465592622756958
368 366 1136 2117 0.08085155487060547
368 361 1557 9294 0.35904788970947266
368 367 3187 11628 0.5419332981109619
368 362 5217 18748 0.8379290103912354
368 366 1074 8774 0.34439969062805176
368 368 1986 3727 0.1419968605041504
368 361 3581 8469 0.3290867805480957
368 362 4319 17549 0.702826976776123
368 364 1439 9962 0.3911716938018799
376 371 2005 3978 0.153486967086792
376 370 2674 6299 0.24349284172058105
376 369 2057 4318 0.24143433570861816
376 369 1667 3075 0.11828160285949707
376 376 723 9886 0.3804919719696045
376 370 1395 10594 0.4217512607574463
376 376 625 9079 0.34993624687194824
376 376 3165 7885 0.3042898178100586
376 371 1682 9786 0.3787825107574463
376 371 5402 18962 0.8658590316772461
376 370 1879 8831 0.34916138648986816
376 375 2318 11484 0.45464468002319336
376 376 1723 3480 0.1347508430480957
376 373 699 8950 0.3411576747894287
376 369 940 11375 0.4347188472747803
376 376 794 9796 0.3738670349121094
376 373 1366 9900 0.3905293941497803
376 375 2411 9871 0.39350461959838867
376 374 1804 8696 0.3477456569671631
376 374 2075 8799 0.3450963497161865
376 369 3731 9735 0.3779301643371582
376 375 1715 11986 0.5542211532592773
376 371 3187 8013 0.3099391460418701
376 374 2991 6306 0.24800944328308105
376 375 3730 7825 0.37955665588378906
376 375 4750 16664 0.753474235534668
376 373 3515 7467 0.28792238235473633
376 371 1120 10736 0.4960803985595703
376 373 924 10487 0.4008362293243408
376 372 2871 7204 0.35758423805236816
384 382 486 6803 0.32633090019226074
384 384 2902 7023 0.26859521865844727
384 380 818 10846 0.41822004318237305
384 381 3158 6450 0.2521078586578369
384 378 1311 10403 0.4848668575286865
384 381 1340 9718 0.3772091865539551
384 378 1995 9868 0.3912196159362793
384 383 3015 6923 0.3429677486419678
384 379 3229 8950 0.42430567741394043
384 384 1093 11999 0.4668617248535156
384 384 1860 3982 0.1555025577545166
384 382 3002 9215 0.3585045337677002
384 380 4588 12034 0.5489251613616943
384 381 3297 8478 0.33396244049072266
384 382 898 11456 0.4519801139831543
384 384 2078 9047 0.3578505516052246
384 383 738 9477 0.4404621124267578
384 384 1046 10880 0.5064246654510498
384 377 840 10242 0.39339113235473633
384 379 2910 8216 0.3231384754180908
384 383 3552 7792 0.30263185501098633
384 383 4089 8968 0.3521299362182617
384 382 3102 6119 0.2371673583984375
384 381 5597 16344 0.7441730499267578
384 377 3335 7279 0.286557674407959
384 382 3391 7976 0.3078486919403076
384 379 3026 6075 0.31026291847229004
384 383 909 10641 0.41344141960144043
392 389 3253 6378 0.24585270881652832
392 391 1956 4062 0.15770816802978516
392 386 1744 9792 0.38126707077026367
392 387 728 10668 0.48343658447265625
392 390 1459 9554 0.37896203994750977
392 386 1963 3992 0.15250563621520996
392 391 887 9719 0.3838920593261719
392 386 820 10652 0.410811185836792
392 388 3395 9173 0.3535606861114502
392 385 1963 3583 0.13866090774536133
392 391 6334 19873 0.8749628067016602
392 390 2327 11435 0.45447659492492676
392 390 3896 9084 0.431185245513916
392 386 4142 11941 0.4665086269378662
392 385 3002 6618 0.2585749626159668
392 391 3301 8500 0.33450937271118164
392 389 3239 8318 0.3273138999938965
392 388 816 10739 0.4868340492248535
392 388 1630 9619 0.37479448318481445
392 386 1582 3028 0.11511635780334473
392 387 1761 3311 0.20110368728637695
392 387 3146 9996 0.3928208351135254
392 392 4465 11057 0.4326479434967041
392 387 2025 15121 0.6695940494537354
392 392 3007 6405 0.2487170696258545
392 385 4936 12612 0.496502161026001
392 391 1550 12228 0.569495677947998
400 398 4152 8712 0.3397510051727295
400 393 2666 5218 0.20122265815734863
400 395 2624 11960 0.5470798015594482
400 394 2547 7795 0.38089776039123535
400 396 2041 9170 0.3653402328491211
400 395 1605 15215 0.6772861480712891
400 396 3483 8699 0.4165534973144531
400 398 1442 11395 0.5189006328582764
400 400 1666 3003 0.11501502990722656
400 396 1374 11233 0.527336835861206
400 400 1919 10924 0.43325161933898926
400 398 3875 9210 0.43990254402160645
400 398 5291 13337 0.5319104194641113
400 399 2741 6296 0.24528050422668457
400 398 3347 6844 0.26430654525756836
400 394 3473 7723 0.30319952964782715
400 398 3264 7490 0.2925119400024414
400 395 840 10848 0.4196603298187256
400 400 4323 13833 0.6167664527893066
400 394 784 10047 0.463547945022583
400 394 1070 12511 0.580033540725708
400 400 3993 8854 0.4230194091796875
408 405 3123 7213 0.34780263900756836
408 408 2327 12137 0.47330260276794434
408 404 1353 10458 0.48264455795288086
408 404 1678 13669 0.5440037250518799
408 407 3365 8851 0.34503912925720215
408 401 1299 11767 0.4682502746582031
408 404 861 12152 0.4632072448730469
408 408 1742 13540 0.6132783889770508
408 406 1107 10678 0.49413561820983887
408 402 7456 25581 1.1347935199737549
408 406 2773 13716 0.6354649066925049
408 404 4051 9593 0.3784506320953369
408 403 959 10766 0.40289998054504395
408 402 4945 12017 0.4737074375152588
408 406 819 11722 0.4476449489593506
408 404 2394 6373 0.24889492988586426
408 407 3150 6592 0.32384157180786133
408 406 1011 13573 0.5288777351379395
408 407 2591 12296 0.4967641830444336
408 408 868 11231 0.5046520233154297
408 407 2716 13371 0.6102049350738525
408 405 5128 12599 0.4987506866455078
408 402 1887 12695 0.5026192665100098
408 401 1200 12685 0.4941375255584717
408 407 2792 7394 0.28983092308044434
408 401 4004 10164 0.39563441276550293
408 404 2517 10901 0.4355185031890869
408 405 2619 8197 0.39695286750793457
408 408 3923 15130 0.6129946708679199
408 406 3383 7328 0.3628723621368408
408 408 1633 12467 0.48865175247192383
408 406 891 11272 0.5161137580871582
408 406 3915 9532 0.3657722473144531
408 406 3678 8771 0.42050862312316895
408 403 860 10521 0.4926927089691162
408 401 825 12153 0.46949195861816406
408 407 948 11995 0.4660930633544922
408 403 5530 20694 0.9509117603302002
408 402 1882 3490 0.13263893127441406
408 407 1533 8280 0.3227827548980713
416 412 4062 9158 0.3668792247772217
416 409 792 10273 0.39907288551330566
416 409 1371 11718 0.4561185836791992
416 411 1023 13100 0.5776712894439697
416 416 1773 3165 0.12019109725952148
416 414 3674 9064 0.3522779941558838
416 411 2401 9946 0.3958160877227783
416 413 3328 6884 0.26807117462158203
416 412 3342 8791 0.33873915672302246
416 411 2144 10366 0.403353214263916
416 411 3622 10021 0.40074968338012695
416 415 2935 6769 0.2631800174713135
416 416 971 12597 0.5011155605316162
416 409 2032 12079 0.48263978958129883
416 415 3293 6380 0.24776005744934082
416 414 3260 11310 0.5344357490539551
416 411 2065 3702 0.1428241729736328
416 409 3051 6222 0.2455768585205078
416 414 1871 9633 0.37736964225769043
416 416 3630 9296 0.3648672103881836
424 418 4756 12330 0.4890127182006836
424 418 830 11985 0.5395529270172119
424 417 1082 13026 0.5107998847961426
424 421 2851 7232 0.2857236862182617
424 423 3700 11133 0.5173969268798828
424 422 4616 11446 0.4475283622741699
424 420 3463 7232 0.2792375087738037
424 424 3605 7142 0.2823967933654785
424 420 2306 12805 0.5935733318328857
424 417 3109 14583 0.5902054309844971
424 424 2389 13483 0.6210501194000244
424 417 4426 13047 0.5169541835784912
424 422 5221 14741 0.5899779796600342
424 420 3918 10882 0.5071659088134766
424 424 3616 9378 0.37120628356933594
424 420 3923 17592 0.807828426361084
424 420 3501 6874 0.2684047222137451
424 424 3468 11794 0.46979308128356934
424 417 3286 7826 0.30552077293395996
432 430 3438 6781 0.2612600326538086
432 431 3395 7557 0.2965717315673828
432 425 2165 13362 0.529688835144043
432 425 3269 6615 0.2566537857055664
432 425 2048 10978 0.5106885433197021
432 432 4810 14135 0.6380999088287354
432 425 2929 5544 0.28663110733032227
432 432 3751 8024 0.3925652503967285
432 427 1119 12395 0.4825010299682617
432 432 3919 8585 0.33539271354675293
432 426 1463 14274 0.5624499320983887
432 427 1192 11228 0.44384264945983887
432 425 3640 8951 0.42310595512390137
432 429 1944 13240 0.6001288890838623
432 425 2052 3848 0.14746379852294922
432 425 3760 7655 0.29552507400512695
432 430 1915 12028 0.4777333736419678
432 429 2927 6308 0.24310660362243652
432 425 5368 13940 0.6426396369934082
432 427 1948 3925 0.14788317680358887
432 431 6998 24693 0.9934723377227783
432 432 2970 14976 0.6957600116729736
432 430 3296 8065 0.3125925064086914
432 431 1056 11731 0.4554708003997803
432 431 4111 18243 0.823584794998169
432 430 5285 14294 0.6495282649993896
440 440 3279 6621 0.25221800804138184
440 440 5089 11432 0.4502904415130615
440 434 4289 11952 0.5505437850952148
440 438 3713 8332 0.32378673553466797
440 433 2069 4174 0.16089248657226562
440 439 2242 15136 0.6043848991394043
440 435 3362 7202 0.28158092498779297
440 440 4959 14584 0.5778393745422363
440 435 3867 12537 0.5777199268341064
440 436 3949 10005 0.4696183204650879
440 433 900 12902 0.495985746383667
440 433 4591 13265 0.5213809013366699
440 434 4641 15754 0.7115540504455566
440 434 5196 13098 0.6135644912719727
440 437 1811 11593 0.5307958126068115
440 440 907 12666 0.49005651473999023
440 440 4561 14081 0.6539621353149414
440 434 950 14716 0.6180992126464844
440 436 3297 6498 0.2543373107910156
440 435 707 13267 0.586855411529541
440 433 1028 13637 0.537283182144165
448 442 2680 14867 0.5821678638458252
448 444 3642 8282 0.32207655906677246
448 448 825 12841 0.5094578266143799
448 446 4101 12862 0.5923600196838379
448 441 932 15754 0.6865696907043457
448 443 5872 20996 0.9378669261932373
448 448 957 14040 0.5379462242126465
448 441 4086 11755 0.4599144458770752
448 444 2851 13722 0.5380911827087402
448 441 3987 10285 0.4767305850982666
448 441 1772 13936 0.5534138679504395
448 441 6848 19778 0.8685314655303955
448 444 2056 3739 0.14439153671264648
448 446 4512 12390 0.4903590679168701
448 446 3244 6318 0.24171805381774902
448 447 1174 13992 0.6317756175994873
448 441 8312 30341 1.3660330772399902
448 443 4046 10845 0.5015671253204346
448 448 4923 13360 0.609835147857666
448 445 1033 13023 0.5005230903625488
448 442 853 11447 0.4428997039794922
456 456 4169 17353 0.7759659290313721
456 451 5735 12952 0.594170331954956
456 451 1069 13167 0.6002411842346191
456 449 3604 7076 0.2725527286529541
456 450 3936 8340 0.4005770683288574
456 455 853 13019 0.5088891983032227
456 451 4014 9124 0.4359090328216553
456 454 2229 16331 0.6514456272125244
456 451 5573 14535 0.6514194011688232
456 456 2621 13284 0.6103930473327637
456 454 5463 15643 0.6266529560089111
456 451 7961 28063 1.1632936000823975
456 455 3403 7897 0.38561511039733887
456 453 1517 11541 0.4508938789367676
456 453 1663 13503 0.6189696788787842
456 454 3232 6271 0.24428296089172363
456 454 994 14564 0.5619475841522217
456 450 3810 8685 0.34173107147216797
456 454 3774 8414 0.325742244720459
456 452 3482 6766 0.2657036781311035
456 450 3164 6312 0.24519872665405273
456 452 2459 12643 0.5812480449676514
456 449 3885 9791 0.3800339698791504
456 450 3502 7953 0.3142123222351074
456 451 4825 12451 0.4956192970275879
464 460 3232 16290 0.6457209587097168
464 462 1000 16312 0.6286411285400391
464 464 3866 7395 0.3654177188873291
464 460 7519 22679 1.0097792148590088
464 459 6833 24666 1.098496675491333
464 458 4087 8466 0.3313601016998291
464 460 4328 14578 0.5790891647338867
464 461 3627 7386 0.28101658821105957
464 463 1174 15655 0.7081797122955322
464 464 1600 14992 0.6767449378967285
464 461 3762 8051 0.3142402172088623
464 458 5058 14149 0.645963191986084
464 458 1270 12124 0.4775245189666748
464 459 2578 13482 0.6188662052154541
464 458 2058 4141 0.15844440460205078
464 461 3905 7414 0.29213690757751465
464 464 3612 17170 0.7044236660003662
464 459 2336 14445 0.5778355598449707
464 458 1357 13186 0.5188038349151611
464 458 2900 5497 0.21271848678588867
464 464 2013 13144 0.5253491401672363
464 461 5168 12404 0.48947739601135254
464 458 4627 15031 0.669999361038208
464 462 883 14789 0.6512856483459473
464 462 2724 16826 0.6816356182098389
464 460 5361 13070 0.599951982498169
472 468 914 12899 0.5026497840881348
472 465 4775 12735 0.49473071098327637
472 467 4600 16970 0.8066093921661377
472 466 3414 13771 0.6394450664520264
472 465 2215 12915 0.5163600444793701
472 470 2776 16472 0.6535818576812744
472 467 5381 12422 0.5699863433837891
472 470 1254 17544 0.7523350715637207
472 471 3988 10085 0.3947756290435791
472 465 5071 17672 0.6925492286682129
472 465 3667 13272 0.5978870391845703
472 470 5819 16438 0.667119026184082
472 470 2801 16747 0.7511553764343262
472 471 1029 15431 0.6135883331298828
472 466 3721 7272 0.2819998264312744
472 465 4516 13835 0.5527732372283936
472 467 3273 6610 0.2576727867126465
472 471 4842 12755 0.5955960750579834
472 465 4016 9809 0.3813614845275879
472 468 4055 11712 0.4602537155151367
472 465 6620 30579 1.3501091003417969
472 469 3552 7792 0.3746368885040283
472 465 5078 14584 0.653878927230835
472 470 3527 7075 0.27492856979370117
472 466 3407 7945 0.3108484745025635
472 468 1243 17884 0.7072944641113281
472 468 5667 15450 0.6294903755187988
480 480 3537 6670 0.26155924797058105
480 479 5016 18641 0.822012186050415
480 475 3403 7247 0.2858116626739502
480 474 4047 9848 0.3887624740600586
480 476 3831 7574 0.29419684410095215
480 473 6241 16143 0.6526303291320801
480 479 4089 12150 0.5592374801635742
480 478 5577 15347 0.6918306350708008
480 476 3741 7289 0.28233933448791504
480 477 2795 14665 0.6772079467773438
480 473 4997 13894 0.5587453842163086
480 480 1937 15396 0.70159912109375
480 478 1454 18289 0.7246594429016113
480 477 3482 16798 0.6866495609283447
480 473 5858 14345 0.6511094570159912
480 479 1995 3778 0.14486336708068848
480 475 3927 8501 0.3324573040008545
480 476 2519 17552 0.7863025665283203
480 478 1014 14287 0.6342456340789795
480 473 2003 15264 0.6105983257293701
480 475 652 12986 0.5642950534820557
480 473 4871 12863 0.5882523059844971
480 476 3463 7551 0.30222439765930176
480 479 9204 29385 1.3241746425628662
480 478 1927 3701 0.14078879356384277
480 475 2632 16656 0.7409079074859619
480 479 4287 16506 0.6700930595397949
480 479 3885 9902 0.46265387535095215
480 475 5101 12354 0.48047327995300293
488 485 2347 18180 0.7891244888305664
488 488 5405 12567 0.4887275695800781
488 485 6627 24014 1.0520775318145752
488 483 5658 12942 0.5986886024475098
488 481 2635 16521 0.6606302261352539
488 485 1111 14523 0.6331486701965332
488 484 4645 14452 0.6500978469848633
488 482 969 13676 0.536867618560791
488 484 1124 18111 0.7770144939422607
488 481 2830 17276 0.6986598968505859
488 483 3607 15939 0.7275614738464355
488 482 2002 15981 0.7261703014373779
488 486 1871 16686 0.7643399238586426
488 482 5181 11607 0.5384411811828613
488 483 4058 9189 0.3588871955871582
488 488 3302 6720 0.2606074810028076
488 481 2043 3856 0.1516566276550293
488 483 4937 16630 0.6663994789123535
488 485 4329 17209 0.7007501125335693
488 487 7393 16716 0.6643509864807129
488 486 4068 12487 0.4972238540649414
488 485 3981 8244 0.3233625888824463
488 488 6064 15976 0.6380605697631836
488 485 3195 17816 0.7283639907836914
488 482 5334 20888 0.926846981048584
488 488 4071 9196 0.35591840744018555
488 487 2833 15872 0.6372480392456055
488 488 1350 19714 0.877650260925293
488 485 3218 6542 0.2541224956512451
488 485 3371 6731 0.2618868350982666
488 487 5990 17182 0.7752206325531006
488 487 5568 18256 0.806990385055542
488 482 6484 14882 0.5941269397735596
488 487 6007 13452 0.6232678890228271
488 482 3143 15147 0.6920719146728516
496 496 3681 6991 0.3455054759979248
496 496 3506 6638 0.25240182876586914
496 494 3001 17454 0.7888083457946777
496 494 4602 13629 0.5382063388824463
496 491 3651 8217 0.39931297302246094
496 492 7357 23100 1.0240542888641357
496 496 3732 8295 0.32365870475769043
496 493 6132 19105 0.8389365673065186
496 493 5699 13472 0.615534782409668
496 496 3451 7788 0.3022422790527344
496 493 3313 6158 0.24068498611450195
496 495 6105 15547 0.7214858531951904
496 489 3817 15243 0.6344177722930908
496 494 3385 6402 0.2441251277923584
496 493 1228 16442 0.644547700881958
496 494 5520 14130 0.5649862289428711
496 495 5498 13332 0.60422682762146
496 489 5579 16929 0.6754617691040039
496 494 1234 17291 0.7693519592285156
504 498 3914 8298 0.3252754211425781
504 504 5582 14365 0.5786838531494141
504 500 4190 17748 0.72926926612854
504 499 3933 8282 0.32463884353637695
504 501 6584 17942 0.713813304901123
504 498 3353 17975 0.7986879348754883
504 500 5658 20012 0.8075110912322998
504 504 6133 13741 0.5501635074615479
504 497 6885 16960 0.7685446739196777
504 500 3411 6758 0.3343963623046875
504 504 6275 17457 0.7043120861053467
504 503 3916 9717 0.45490360260009766
504 503 5880 15551 0.6207008361816406
504 504 2823 15915 0.6448137760162354
504 503 7102 15849 0.6369507312774658
504 497 5053 11630 0.4545755386352539
504 498 1084 17865 0.7008965015411377
504 502 3932 8252 0.3192470073699951
504 499 4073 8537 0.4111621379852295
504 500 989 19333 0.8347454071044922
512 510 6566 16358 0.7482068538665771
512 508 3546 7331 0.2837064266204834
512 509 3494 6713 0.2613651752471924
512 506 1464 20052 0.8676910400390625
512 508 1362 15467 0.6132297515869141
512 510 5802 12232 0.49007391929626465
512 511 7225 17910 0.8038985729217529
512 505 4897 12138 0.5580005645751953
512 508 1533 20804 0.8124856948852539
512 505 2798 19301 0.8577530384063721
512 508 5665 14266 0.6626644134521484
512 511 3811 21635 0.8836619853973389
512 511 2196 17409 0.7743422985076904
